x pf bh
2018.6658 0.0000 0.0000
2018.6712 -0.0076045 -0.012889
2018.6767 0.0000 -0.15547
2018.6822 0.0000 -0.19718
2018.6877 0.0000 -0.24139
2018.6932 -0.0010471 -0.25647
2018.6986 -0.016620 -0.19905
2018.7041 -0.020984 -0.17865
2018.7096 -0.014485 -0.23953
2018.7151 -0.026150 -0.20721
2018.7205 -0.0093630 -0.11802
2018.7260 -0.016516 -0.12674
2018.7315 -0.016516 -0.18771
2018.7370 -0.016516 -0.15430
2018.7425 -0.022815 -0.15703
2018.7479 -0.026174 -0.15761
2018.7534 -0.026174 -0.18386
2018.7589 -0.035941 -0.16238
2018.7644 -0.035941 -0.16648
2018.7699 -0.042047 -0.16187
2018.7753 0.0000 -0.25426
2018.7808 -0.022638 -0.23453
2018.7863 -0.011638 -0.19574
2018.7918 -0.011922 -0.19866
2018.7973 -0.0025741 -0.21569
2018.8027 -0.022381 -0.20941
2018.8082 -0.029814 -0.21357
2018.8137 -0.037982 -0.21683
2018.8192 -0.052142 -0.21498
2018.8247 -0.038100 -0.23735
2018.8301 -0.047808 -0.23183
2018.8356 -0.064196 -0.22245
2018.8411 -0.035613 -0.20098
2018.8466 -0.014333 -0.18454
2018.8521 -0.030421 -0.20094
2018.8575 -0.031203 -0.20399
2018.8630 -0.031884 -0.20673
2018.8685 0.0000 -0.29932
2018.8740 0.0000 -0.32320
2018.8795 -0.010479 -0.31621
2018.8849 0.0000 -0.47540
2018.8904 0.0000 -0.49287
2018.8959 0.0000 -0.54624
2018.9014 0.0000 -0.55739
2018.9068 -0.0092575 -0.50297
2018.9123 -0.0092575 -0.53557
2018.9178 -0.0092575 -0.52180
2018.9233 -0.0092575 -0.54662
2018.9288 -0.0092575 -0.61066
2018.9342 -0.0092575 -0.61434
2018.9397 -0.0092575 -0.61451
2018.9452 -0.0092575 -0.61385
2018.9507 -0.0099825 -0.63935
2018.9562 -0.0093640 -0.63804
2018.9616 0.0000 -0.57900
2018.9671 0.0000 -0.52802
2018.9726 0.0000 -0.53240
2018.9781 0.0000 -0.48979
2018.9836 0.0000 -0.51998
2018.9890 0.0000 -0.50474
2018.9945 -0.015509 -0.50390
2019.0000 -0.021628 -0.50248
2019.0055 -0.017978 -0.49266
2019.0110 -0.017978 -0.48127
2019.0164 -0.025623 -0.47264
2019.0219 -0.026588 -0.47497
2019.0274 -0.026588 -0.54012
2019.0329 -0.026588 -0.56589
2019.0384 -0.026588 -0.55358
2019.0438 -0.026588 -0.54500
2019.0493 -0.026588 -0.54027
2019.0548 -0.018398 -0.56232
2019.0603 -0.019632 -0.55953
2019.0658 -0.022350 -0.56127
2019.0712 -0.022350 -0.56830
2019.0767 -0.013884 -0.59097
2019.0822 -0.015658 -0.58604
2019.0877 -0.018599 -0.57588
2019.0932 -0.018599 -0.58408
2019.0986 -0.018599 -0.59265
2019.1041 -0.017714 -0.54993
2019.1096 0.0000 -0.53807
2019.1151 -0.048844 -0.54708
2019.1205 -0.048844 -0.55220
2019.1260 -0.048844 -0.54704
2019.1315 -0.043533 -0.48810
2019.1370 -0.059206 -0.47887
2019.1425 -0.058962 -0.48048
2019.1479 -0.077611 -0.52071
2019.1534 -0.077611 -0.50931
2019.1589 -0.077611 -0.51106
2019.1644 -0.077611 -0.51449
2019.1699 -0.077611 -0.53387
2019.1753 -0.085393 -0.50345
2019.1808 -0.085393 -0.51052
2019.1863 -0.085393 -0.50374
2019.1918 -0.085393 -0.50941
2019.1973 -0.085393 -0.51208
2019.2027 -0.076452 -0.48802
2019.2082 -0.076452 -0.49507
2019.2137 -0.076452 -0.48843
2019.2192 -0.076452 -0.49696
2019.2247 -0.076452 -0.49760
2019.2301 -0.076452 -0.50408
2019.2356 -0.076452 -0.49171
2019.2411 -0.080776 -0.47824
2019.2466 -0.077919 -0.47749
2019.2521 -0.044168 -0.38820
2019.2575 -0.044168 -0.37582
2019.2630 -0.043929 -0.34945
2019.2685 -0.057266 -0.34866
2019.2740 -0.057266 -0.37698
2019.2795 -0.057266 -0.37722
2019.2849 -0.064884 -0.38487
2019.2904 -0.063554 -0.36091
2019.2959 -0.063554 -0.34536
2019.3014 -0.063554 -0.35186
2019.3068 -0.066326 -0.33481
2019.3123 -0.066326 -0.38658
2019.3178 -0.066326 -0.37629
2019.3233 -0.066326 -0.38479
2019.3288 -0.069073 -0.36460
2019.3342 -0.060388 -0.32802
2019.3397 -0.085611 -0.33306
2019.3452 -0.10378 -0.31975
2019.3507 -0.10378 -0.28918
2019.3562 -0.060567 -0.18397
2019.3616 -0.032241 -0.13394
2019.3671 0.0000 -0.017832
2019.3726 0.0000 -0.082767
2019.3781 -0.0069183 0.0000
2019.3836 -0.015839 -0.027022
2019.3890 -0.015839 -0.047207
2019.3945 -0.015839 -0.025016
2019.4000 -0.0082349 0.0000
2019.4055 -0.015458 -0.0096484
2019.4110 -0.015458 -0.018632
2019.4164 -0.015458 -0.0049872
2019.4219 -0.015458 -0.11806
2019.4274 -0.015458 -0.097155
2019.4329 -0.015458 -0.097876
2019.4384 -0.015458 -0.086913
2019.4438 -0.029979 -0.053385
2019.4493 -0.042504 -0.017670
2019.4548 -0.020351 0.0000
2019.4603 -0.020351 -0.028900
2019.4658 -0.021819 0.0000
2019.4712 0.0000 0.0000
2019.4767 -0.017592 0.0000
2019.4822 -0.021934 0.0000
2019.4877 -0.021934 -0.059522
2019.4932 -0.021934 -0.15548
2019.4986 -0.021934 -0.15368
2019.5041 -0.021934 -0.14904
2019.5096 -0.021934 -0.13818
2019.5151 -0.015982 -0.061643
2019.5205 -0.0058381 -0.096915
2019.5260 -0.0058381 -0.12752
2019.5315 -0.0058381 -0.26001
2019.5370 -0.0058381 -0.32789
2019.5425 -0.0058381 -0.23879
2019.5479 -0.0058381 -0.23116
2019.5534 -0.0058381 -0.26333
2019.5589 -0.0058381 -0.29116
2019.5644 -0.0058381 -0.28435
2019.5699 -0.0058381 -0.30741
2019.5753 -0.0073219 -0.30696
2019.5808 -0.0021944 -0.26042
2019.5863 -0.013866 -0.23489
2019.5918 0.0000 -0.17584
2019.5973 -0.0052906 -0.17649
2019.6027 0.0000 -0.19990
2019.6082 -0.010072 -0.20849
2019.6137 -0.010072 -0.24796
2019.6192 -0.0028433 -0.29899
2019.6247 -0.0054780 -0.30607
2019.6301 0.0000 -0.25310
2019.6356 -0.0033941 -0.30746
2019.6411 -0.017970 -0.28732
2019.6466 -0.026447 -0.30843
2019.6521 -0.038579 -0.30618
2019.6575 0.0000 -0.35911
2019.6630 -0.012882 -0.35126
2019.6685 0.0000 -0.30674
2019.6740 -0.0049938 -0.30119
2019.6795 -0.0049938 -0.32064
2019.6849 -0.015278 -0.30235
2019.6904 -0.025619 -0.31818
2019.6959 -0.035533 -0.30195
2019.7014 -0.018953 -0.29635
2019.7068 -0.014944 -0.28974
2019.7123 0.0000 -0.28011
2019.7178 -0.034485 -0.27020
2019.7233 -0.034485 -0.28510
2019.7288 -0.034485 -0.40742
2019.7342 -0.045308 -0.42982
2019.7397 -0.045308 -0.41337
2019.7452 -0.056047 -0.40103
2019.7507 -0.058963 -0.39824
2019.7562 -0.072768 -0.41406
2019.7616 -0.077184 -0.43434
2019.7671 -0.080269 -0.40693
2019.7726 -0.080269 -0.37577
2019.7781 -0.082987 -0.40216
2019.7836 -0.082987 -0.39117
2019.7890 -0.076180 -0.42262
2019.7945 -0.073201 -0.42654
2019.8000 -0.093313 -0.41053
2019.8055 -0.10002 -0.42503
2019.8110 -0.059309 -0.46528
2019.8164 -0.10208 -0.35799
2019.8219 -0.10208 -0.35709
2019.8274 -0.11411 -0.35808
2019.8329 -0.11411 -0.35418
2019.8384 -0.11411 -0.35774
2019.8438 -0.099340 -0.34412
2019.8493 -0.10539 -0.35210
2019.8548 -0.11925 -0.37229
2019.8603 -0.12785 -0.37648
2019.8658 -0.13312 -0.37120
2019.8712 -0.13312 -0.39430
2019.8767 -0.13572 -0.38817
2019.8822 -0.13506 -0.41502
2019.8877 -0.11451 -0.45629
2019.8932 -0.10279 -0.48060
2019.8986 -0.072345 -0.49704
2019.9041 -0.079216 -0.46999
2019.9096 -0.089380 -0.45715
2019.9151 -0.10279 -0.47758
2019.9205 -0.10933 -0.48698
2019.9260 -0.13762 -0.48168
2019.9315 -0.13762 -0.47756
2019.9370 -0.13860 -0.48486
2019.9425 -0.13429 -0.49574
2019.9479 -0.14562 -0.49175
2019.9534 -0.14430 -0.50114
2019.9589 -0.077111 -0.54865
2019.9644 -0.11934 -0.51627
2019.9699 -0.12839 -0.51767
2019.9753 -0.12321 -0.50883
2019.9808 -0.13506 -0.51762
2019.9863 -0.13506 -0.51387
2019.9918 -0.13117 -0.49794
2019.9973 -0.15132 -0.51416
2020.0027 -0.13485 -0.52664
2020.0082 -0.15224 -0.50004
2020.0137 -0.14818 -0.46888
2020.0191 -0.17568 -0.45971
2020.0246 -0.17568 -0.44763
2020.0301 -0.18357 -0.44654
2020.0355 -0.12550 -0.39470
2020.0410 -0.13250 -0.40118
2020.0464 -0.10271 -0.38032
2020.0519 -0.12781 -0.40205
2020.0574 -0.12781 -0.39922
2020.0628 -0.12781 -0.41660
2020.0683 -0.12665 -0.40252
2020.0738 -0.12231 -0.35559
2020.0792 -0.13249 -0.34036
2020.0847 -0.14009 -0.34738
2020.0902 -0.13207 -0.34444
2020.0956 -0.10940 -0.31256
2020.1011 -0.060593 -0.28111
2020.1066 -0.046755 -0.25777
2020.1120 -0.068703 -0.24376
2020.1175 -0.040761 -0.20876
2020.1230 -0.040761 -0.22815
2020.1284 -0.040761 -0.23417
2020.1339 -0.040761 -0.24987
2020.1393 -0.040761 -0.23722
2020.1448 -0.040591 -0.21390
2020.1503 -0.053567 -0.27719
2020.1557 -0.053567 -0.32206
2020.1612 -0.053567 -0.34791
2020.1667 -0.053567 -0.31247
2020.1721 -0.053567 -0.32914
2020.1776 -0.045575 -0.28636
2020.1831 -0.053477 -0.39174
2020.1885 -0.053477 -0.39717
2020.1940 -0.053477 -0.64785
2020.1995 -0.053477 -0.61536
2020.2049 -0.048154 -0.63515
2020.2104 -0.048154 -0.60941
2020.2158 -0.054390 -0.55393
2020.2213 -0.057384 -0.58551
2020.2268 -0.057384 -0.52205
2020.2322 -0.064028 -0.52244
2020.2377 -0.064028 -0.55484
2020.2432 -0.064028 -0.54634
2020.2486 -0.047475 -0.53069
2020.2541 -0.017014 -0.51990
2020.2596 -0.017014 -0.51678
2020.2650 -0.0023483 -0.47119
2020.2705 -0.0023483 -0.46122
2020.2760 -0.0023483 -0.49348
2020.2814 -0.0023483 -0.49674
2020.2869 -0.0023483 -0.51236
2020.2923 0.0000 -0.47247
2020.2978 -0.0043294 -0.45680
2020.3033 -0.0043294 -0.48032
2020.3087 0.0000 -0.43366
2020.3142 0.0000 -0.42057
2020.3197 -0.0038409 -0.40691
2020.3251 0.0000 -0.33778
2020.3306 -0.0019612 -0.33971
2020.3361 -0.0019612 -0.33832
2020.3415 -0.0019612 -0.33809
2020.3470 0.0000 -0.28513
2020.3525 -0.0030480 -0.30859
2020.3579 -0.0030480 -0.38255
2020.3634 -0.0064591 -0.33163
2020.3689 -0.0079144 -0.33756
2020.3743 -0.011934 -0.30660
2020.3798 -0.012633 -0.29205
2020.3852 -0.012633 -0.34444
2020.3907 -0.012633 -0.32961
2020.3962 -0.012633 -0.34556
2020.4016 -0.012633 -0.32640
2020.4071 0.0000 -0.30210
2020.4126 -0.018539 -0.28821
2020.4180 -0.047495 -0.27733
2020.4235 -0.047124 -0.25847
2020.4290 -0.049408 -0.26566
2020.4344 -0.051753 -0.25517
2020.4399 -0.067538 -0.24835
2020.4454 -0.067538 -0.28045
2020.4508 -0.067538 -0.29341
2020.4563 -0.069523 -0.27993
2020.4617 -0.069523 -0.29190
2020.4672 -0.069523 -0.29558
2020.4727 -0.034165 -0.26365
2020.4781 -0.038010 -0.29219
2020.4836 -0.038010 -0.30393
2020.4891 -0.038010 -0.31130
2020.4945 -0.038010 -0.30982
2020.5000 -0.039524 -0.31069
2020.5055 -0.039524 -0.30540
2020.5109 -0.034467 -0.28109
2020.5164 -0.049367 -0.27070
2020.5219 -0.063191 -0.28452
2020.5273 -0.067882 -0.28167
2020.5328 -0.069110 -0.28697
2020.5383 -0.064970 -0.30053
2020.5437 -0.065252 -0.29600
2020.5492 -0.069873 -0.29630
2020.5546 -0.059473 -0.24633
2020.5601 -0.021205 -0.22797
2020.5656 0.0000 -0.17227
2020.5710 -0.013849 -0.11903
2020.5765 0.0000 -0.089841
2020.5820 0.0000 0.0000
2020.5874 -0.052161 -0.028300
2020.5929 -0.087367 0.0000
2020.5984 -0.097349 -0.031614
2020.6038 -0.097349 -0.015452
2020.6093 -0.097349 -0.041939
2020.6148 -0.082200 0.0000
2020.6202 -0.082200 -0.0031690
2020.6257 -0.077790 0.0000
2020.6311 -0.077790 -0.048825
2020.6366 -0.077790 -0.079716
2020.6421 -0.077790 -0.071851
2020.6475 -0.077790 -0.093973
2020.6530 -0.077790 -0.093557
2020.6585 -0.077790 -0.070764
2020.6639 -0.044768 -0.024782
2020.6694 -0.058356 -0.059748
2020.6749 -0.10656 -0.15625
2020.6803 -0.10656 -0.19854
2020.6858 -0.10656 -0.22043
2020.6913 -0.10430 -0.17921
2020.6967 -0.10430 -0.15415
2020.7022 -0.096794 -0.15558
2020.7077 -0.099409 -0.15655
2020.7131 -0.099409 -0.13719
2020.7186 -0.10267 -0.15151
2020.7240 -0.10267 -0.19602
2020.7295 -0.10441 -0.18221
2020.7350 -0.10587 -0.17764
2020.7404 -0.10306 -0.17927
2020.7459 -0.11187 -0.16938
2020.7514 -0.11146 -0.19270
2020.7568 -0.11405 -0.18177
2020.7623 -0.11817 -0.19662
2020.7678 -0.12808 -0.17251
2020.7732 -0.099808 -0.13618
2020.7787 -0.088178 -0.10953
2020.7842 -0.12117 -0.12224
2020.7896 -0.12117 -0.14057
2020.7951 -0.12117 -0.11902
2020.8005 -0.12075 -0.11220
2020.8060 -0.039200 -0.019862
2020.8115 -0.038263 -0.015926
2020.8169 -0.051062 -0.038857
2020.8224 -0.054687 -0.034608
2020.8279 -0.054687 -0.028541
2020.8333 -0.054687 -0.0052653
2020.8388 -0.054687 -0.0027257
2020.8443 -0.064948 0.0000
2020.8497 -0.046035 -0.047292
2020.8552 -0.065708 -0.020583
2020.8607 -0.059699 0.0000
2020.8661 -0.057444 0.0000
2020.8716 -0.078399 -0.037817
2020.8770 -0.059870 0.0000
2020.8825 -0.071723 -0.0046785
2020.8880 -0.024521 0.0000
2020.8934 -0.019005 0.0000
2020.8989 -0.019005 -0.038337
2020.9044 -0.019005 -0.12142
2020.9098 -0.019005 -0.049165
2020.9153 -0.038521 -0.048799
2020.9208 -0.038521 -0.0077539
2020.9262 -0.038521 -0.029457
2020.9317 -0.041004 -0.033058
2020.9372 -0.042231 -0.063574
2020.9426 -0.042231 -0.098677
2020.9481 -0.046416 -0.033787
2020.9536 -0.049651 -0.027483
2020.9590 -0.057913 0.0000
2020.9645 -0.063538 0.0000
2020.9699 -0.063538 -0.058855
2020.9754 -0.063538 -0.059685
2020.9809 -0.062914 0.0000
2020.9863 -0.069520 0.0000
2020.9918 -0.077593 0.0000
2020.9973 -0.094120 -0.0059041
2021.0027 -0.082761 0.0000
2021.0082 -0.037242 0.0000
2021.0137 -0.047426 0.0000
2021.0192 -0.047426 0.0000
2021.0247 -0.047426 -0.036189
2021.0301 -0.047426 -0.16425
2021.0356 -0.047426 -0.030689
2021.0411 -0.059245 -0.075498
2021.0466 -0.062195 -0.056340
2021.0521 -0.048191 -0.030862
2021.0575 -0.060784 -0.11558
2021.0630 -0.058275 -0.070012
2021.0685 -0.043373 -0.076203
2021.0740 -0.043373 -0.075153
2021.0795 -0.056991 -0.046786
2021.0849 -0.056991 -0.059096
2021.0904 -0.058824 0.0000
2021.0959 -0.058824 0.0000
2021.1014 -0.058824 -0.026407
2021.1068 -0.063567 0.0000
2021.1123 -0.058880 0.0000
2021.1178 -0.056071 -0.0085571
2021.1233 -0.055046 -0.013337
2021.1288 -0.059155 0.0000
2021.1342 -0.058067 0.0000
2021.1397 -0.062666 0.0000
2021.1452 -0.062666 -0.16530
2021.1507 -0.062666 -0.20500
2021.1562 -0.062666 -0.21983
2021.1616 -0.062666 -0.16018
2021.1671 -0.064851 -0.15359
2021.1726 -0.064851 -0.17840
2021.1781 -0.057778 -0.11065
2021.1836 -0.051017 -0.039121
2021.1890 -0.061389 -0.022777
2021.1945 -0.065247 0.0000
2021.2000 -0.065247 -0.080057
2021.2055 -0.065247 -0.043321
2021.2110 -0.069876 -0.054236
2021.2164 -0.069876 -0.066532
2021.2219 -0.069876 -0.12048
2021.2274 -0.069876 -0.16712
2021.2329 -0.069876 -0.096749
2021.2384 -0.038467 -0.056815
2021.2438 -0.022985 -0.022520
2021.2493 0.0000 0.0000
2021.2548 -0.022499 -0.019942
2021.2603 -0.019286 -0.013554
2021.2658 -0.019286 -0.019912
2021.2712 -0.0092854 0.0000
2021.2767 -0.0092854 -0.0042990
2021.2822 -0.035163 0.0000
2021.2877 -0.035163 -0.032410
2021.2932 -0.041752 -0.11039
2021.2986 -0.041752 -0.089927
2021.3041 -0.056781 -0.11475
2021.3096 -0.056781 -0.16373
2021.3151 -0.054096 -0.069109
2021.3205 -0.056720 -0.019829
2021.3260 -0.041968 0.0000
2021.3315 -0.050507 -0.0084535
2021.3370 -0.034727 -0.061452
2021.3425 -0.034727 -0.013230
2021.3479 -0.018569 0.0000
2021.3534 -0.018569 -0.014159
2021.3589 -0.018569 -0.10017
2021.3644 -0.018569 -0.058060
2021.3699 -0.018569 -0.15584
2021.3753 -0.018569 -0.21012
2021.3808 -0.018569 -0.31805
2021.3863 -0.018569 -0.41103
2021.3918 -0.018569 -0.34789
2021.3973 -0.020402 -0.30830
2021.4027 -0.023464 -0.40410
2021.4082 -0.023464 -0.40824
2021.4137 -0.023464 -0.36338
2021.4192 -0.022562 -0.31315
2021.4247 -0.022562 -0.37166
2021.4301 -0.022562 -0.38932
2021.4356 -0.022562 -0.36277
2021.4411 -0.022562 -0.40285
2021.4466 -0.022020 -0.36837
2021.4521 -0.026531 -0.35587
2021.4575 -0.026531 -0.39516
2021.4630 -0.026531 -0.44361
2021.4685 0.0000 -0.51098
2021.4740 -0.026919 -0.48562
2021.4795 0.0000 -0.52309
2021.4849 -0.020968 -0.47691
2021.4904 -0.032907 -0.44102
2021.4959 -0.026828 -0.46473
2021.5014 -0.026828 -0.43904
2021.5068 -0.021103 -0.44988
2021.5123 -0.019156 -0.43016
2021.5178 -0.019156 -0.45680
2021.5233 -0.019156 -0.45513
2021.5288 -0.019156 -0.49570
2021.5342 -0.019156 -0.50437
2021.5397 -0.019156 -0.50944
2021.5452 -0.023094 -0.52633
2021.5507 -0.038504 -0.49079
2021.5562 -0.038504 -0.46121
2021.5616 -0.038504 -0.44021
2021.5671 0.0000 -0.39804
2021.5726 0.0000 -0.38161
2021.5781 0.0000 -0.34961
2021.5836 0.0000 -0.35230
2021.5890 0.0000 -0.33045
2021.5945 0.0000 -0.28521
2021.6000 -0.038855 -0.26034
2021.6055 -0.0084144 -0.22932
2021.6110 -0.029643 -0.25141
2021.6164 -0.020831 -0.20110
2021.6219 -0.025198 -0.22657
2021.6274 -0.025198 -0.25456
2021.6329 -0.025198 -0.18383
2021.6384 -0.025198 -0.19143
2021.6438 -0.038459 -0.21164
2021.6493 -0.038459 -0.22909
2021.6548 -0.038459 -0.19270
2021.6603 -0.050182 -0.20702
2021.6658 0.0000 -0.10293
2021.6712 -0.0086432 -0.078386
2021.6767 -0.0063192 -0.065404
2021.6822 -0.024860 -0.17609
2021.6877 -0.024860 -0.18054
2021.6932 -0.024860 -0.21255
2021.6986 -0.024860 -0.21100
2021.7041 -0.025836 -0.14036
2021.7096 -0.031922 -0.17876
2021.7151 -0.031922 -0.19017
2021.7205 -0.031922 -0.31875
2021.7260 -0.031922 -0.23203
2021.7315 -0.031922 -0.28138
2021.7370 -0.031922 -0.28409
2021.7425 -0.031922 -0.29976
2021.7479 0.0000 -0.18731
2021.7534 0.0000 -0.17019
2021.7589 -0.0058271 -0.13477
2021.7644 -0.012491 -0.10936
2021.7699 -0.012491 -0.10392
2021.7753 -0.013861 -0.093398
2021.7808 -0.013861 -0.083961
2021.7863 0.0000 -0.016778
2021.7918 -0.0093551 -0.020947
2021.7973 -0.0089769 0.0000
2021.8027 -0.0060249 -0.038102
2021.8082 -0.0060249 -0.026525
2021.8137 -0.0045256 -0.0083188
2021.8192 -0.045091 -0.079456
2021.8247 -0.045091 0.0000
2021.8301 -0.058029 -0.024498
2021.8356 -0.056191 0.0000
2021.8411 -0.073787 -0.018257
2021.8466 -0.073787 -0.019787
2021.8521 -0.042401 0.0000
2021.8575 -0.070914 -0.037909
2021.8630 -0.070914 -0.037100
2021.8685 -0.070914 -0.035073
2021.8740 -0.080138 -0.11915
2021.8795 -0.080138 -0.16466
2021.8849 -0.080138 -0.094213
2021.8904 -0.080138 -0.15614
2021.8959 -0.080138 -0.12699
2021.9014 -0.083532 -0.17546
2021.9068 -0.083532 -0.12279
2021.9123 -0.066709 -0.080109
2021.9178 -0.066709 -0.098219
2021.9233 -0.066709 -0.18964
2021.9288 -0.066709 -0.15196
2021.9342 -0.070903 -0.14014
2021.9397 -0.070903 -0.22998
2021.9452 -0.070903 -0.18320
2021.9507 -0.070903 -0.22850
2021.9562 -0.070903 -0.21919
2021.9616 -0.092720 -0.22312
2021.9671 -0.092720 -0.22497
2021.9726 -0.089470 -0.21125
2021.9781 -0.089461 -0.19050
2021.9836 -0.089461 -0.18848
2021.9890 -0.050529 -0.24183
2021.9945 -0.034812 -0.25503
2022.0000 -0.061035 -0.24420
2022.0055 -0.084274 -0.25129
2022.0110 -0.078280 -0.29728
2022.0164 -0.0044418 -0.35283
2022.0219 -0.012917 -0.35731
2022.0274 -0.012395 -0.34104
2022.0329 -0.016880 -0.34180
2022.0384 -0.041779 -0.32761
2022.0438 -0.044101 -0.34761
2022.0493 -0.026605 -0.36737
2022.0548 0.0000 -0.46367
2022.0603 -0.030952 -0.46863
2022.0658 -0.037045 -0.47565
2022.0712 -0.037045 -0.47901
2022.0767 -0.030877 -0.45019
2022.0822 -0.041964 -0.43722
2022.0877 -0.040530 -0.44642
2022.0932 -0.043580 -0.37977
2022.0986 -0.053116 -0.36730
2022.1041 -0.058055 -0.35018
2022.1096 -0.061659 -0.35908
2022.1151 -0.070942 -0.38637
2022.1205 -0.072052 -0.38332
2022.1260 -0.071775 -0.35045
2022.1315 -0.10450 -0.41688
2022.1370 -0.11805 -0.44649
2022.1425 -0.14485 -0.44514
2022.1479 -0.16204 -0.44991
2022.1534 -0.16506 -0.42142
2022.1589 -0.18786 -0.38109
2022.1644 -0.18434 -0.37354
2022.1699 -0.19116 -0.44220
2022.1753 -0.19116 -0.45555
2022.1808 -0.19116 -0.45059
2022.1863 -0.18676 -0.44281
2022.1918 -0.18676 -0.45118
2022.1973 -0.18676 -0.44393
2022.2027 -0.19124 -0.41152
2022.2082 -0.16057 -0.38608
2022.2137 -0.17554 -0.39934
2022.2192 -0.17554 -0.37880
2022.2247 -0.14860 -0.35132
2022.2301 -0.14147 -0.34404
2022.2356 -0.091978 -0.30509
2022.2411 -0.093722 -0.29850
2022.2466 -0.097462 -0.29332
2022.2521 -0.097462 -0.28395
2022.2575 -0.097462 -0.30403
2022.2630 -0.097462 -0.33888
2022.2685 -0.097462 -0.33837
2022.2740 -0.098674 -0.39276
2022.2795 -0.098674 -0.36567
2022.2849 -0.098674 -0.37913
2022.2904 -0.098674 -0.39077
2022.2959 -0.11081 -0.36596
2022.3014 -0.11300 -0.38720
2022.3068 -0.11300 -0.39952
2022.3123 -0.11570 -0.38430
2022.3178 -0.11919 -0.40627
2022.3233 -0.11962 -0.41936
2022.3288 -0.12052 -0.41890
2022.3342 -0.12052 -0.42868
2022.3397 -0.13993 -0.43955
2022.3452 -0.13406 -0.46024
2022.3507 -0.10453 -0.54306
2022.3562 -0.098592 -0.56793
2022.3616 -0.099903 -0.57668
2022.3671 -0.10118 -0.54767
2022.3726 -0.11252 -0.55957
2022.3781 -0.11252 -0.56975
2022.3836 -0.11252 -0.58031
2022.3890 -0.11252 -0.58235
2022.3945 -0.11252 -0.58415
2022.4000 -0.11252 -0.61771
2022.4055 -0.11252 -0.60164
2022.4110 -0.097435 -0.57223
2022.4164 -0.092371 -0.59364
2022.4219 -0.092371 -0.60068
2022.4274 -0.091033 -0.58534
2022.4329 -0.10583 -0.60060
2022.4384 -0.068615 -0.62373
2022.4438 0.0000 -0.66730
2022.4493 0.0000 -0.72130
2022.4548 0.0000 -0.74912
2022.4603 0.0000 -0.76649
2022.4658 0.0000 -0.74026
2022.4712 0.0000 -0.75380
2022.4767 0.0000 -0.72386
2022.4822 -0.00079218 -0.72848
2022.4877 -0.0064941 -0.73972
2022.4932 -0.0064941 -0.75123
2022.4986 -0.0064941 -0.75548
2022.5041 -0.012172 -0.73907
2022.5096 -0.032676 -0.73254
2022.5151 -0.037932 -0.72335
2022.5205 -0.021877 -0.73332
2022.5260 0.0000 -0.75877
2022.5315 -0.048543 -0.73147
2022.5370 0.0000 -0.70656
2022.5425 0.0000 -0.66999
2022.5479 -0.030406 -0.67378
2022.5534 -0.030406 -0.67476
2022.5589 -0.051060 -0.66692
2022.5644 -0.047336 -0.69381
2022.5699 -0.028538 -0.64334
2022.5753 -0.029422 -0.64812
2022.5808 -0.029422 -0.65892
2022.5863 -0.029422 -0.66292
2022.5918 -0.012742 -0.64452
2022.5973 -0.016749 -0.65013
2022.6027 0.0000 -0.64991
2022.6082 -0.0050704 -0.62207
2022.6137 -0.0021718 -0.60567
2022.6192 -0.0089599 -0.61875
2022.6247 -0.0089599 -0.63148
2022.6301 -0.0089599 -0.67478
2022.6356 -0.0089599 -0.66997
2022.6411 -0.0089599 -0.66365
2022.6466 -0.0089599 -0.65943
2022.6521 -0.024570 -0.69471
2022.6575 -0.031204 -0.68526
2022.6630 -0.032485 -0.68625
2022.6685 -0.033234 -0.68396
2022.6740 -0.032186 -0.68318
2022.6795 -0.030144 -0.69238
2022.6849 -0.034811 -0.67937
2022.6904 -0.026258 -0.64838
2022.6959 -0.029471 -0.65217
2022.7014 -0.032023 -0.67411
2022.7068 -0.032023 -0.70361
2022.7123 -0.032023 -0.71888
2022.7178 -0.032023 -0.72331
2022.7233 -0.074701 -0.72004
2022.7288 -0.074701 -0.72385
2022.7342 -0.079709 -0.71969
2022.7397 -0.076472 -0.71855
2022.7452 -0.079964 -0.71962
2022.7507 -0.083324 -0.72853
2022.7562 -0.094956 -0.71036
2022.7616 -0.10877 -0.71371
2022.7671 -0.094250 -0.72141
2022.7726 -0.11679 -0.72633
2022.7781 -0.12533 -0.72561
2022.7836 -0.14430 -0.72524
2022.7890 -0.14430 -0.72351
2022.7945 -0.15505 -0.72250
2022.8000 -0.15698 -0.72779
2022.8055 -0.15888 -0.72280
2022.8110 -0.15858 -0.71813
2022.8164 -0.091002 -0.68084
2022.8219 -0.11133 -0.68333
2022.8274 -0.11133 -0.67838
2022.8329 -0.12201 -0.68076
2022.8384 -0.12201 -0.68852
2022.8438 -0.10975 -0.66993
2022.8493 -0.11655 -0.68156
2022.8548 -0.11655 -0.76861
2022.8603 -0.11655 -0.73776
2022.8658 -0.11655 -0.75050
2022.8712 -0.11655 -0.74327
2022.8767 -0.11655 -0.75130
2022.8822 -0.11655 -0.74898
2022.8877 -0.11655 -0.76859
2022.8932 -0.11655 -0.75385
2022.8986 -0.11655 -0.75240
2022.9041 -0.11395 -0.75356
2022.9096 -0.11395 -0.75050
2022.9151 -0.11777 -0.73964
2022.9205 -0.10142 -0.74490
2022.9260 -0.11378 -0.74194
2022.9315 -0.11616 -0.74640
2022.9370 -0.13385 -0.74060
2022.9425 -0.13247 -0.74081
2022.9479 -0.13163 -0.72950
2022.9534 -0.12984 -0.73889
2022.9589 -0.094445 -0.75255
2022.9644 -0.085600 -0.75691
2022.9699 -0.10968 -0.74878
2022.9753 -0.11400 -0.74820
2022.9808 -0.11392 -0.74813
2022.9863 -0.11113 -0.74974
2022.9918 -0.10653 -0.75160
2022.9973 -0.10445 -0.75271
2023.0027 -0.10800 -0.74956
2023.0082 -0.091048 -0.74291
2023.0137 -0.082728 -0.74075
2023.0192 -0.072199 -0.73705
2023.0247 -0.046419 -0.72926
2023.0301 -0.016572 -0.71107
2023.0356 0.0000 -0.68201
2023.0411 -0.010738 -0.67719
2023.0466 -0.022435 -0.68867
2023.0521 -0.022435 -0.65839
2023.0575 -0.047109 -0.66232
2023.0630 -0.047109 -0.67225
2023.0685 -0.046250 -0.66426
2023.0740 -0.049902 -0.66799
2023.0795 -0.059595 -0.66986
2023.0849 -0.059595 -0.65499
2023.0904 -0.059595 -0.65369
2023.0959 -0.066403 -0.66093
2023.1014 -0.066403 -0.65366
2023.1068 -0.066403 -0.67812
2023.1123 -0.066403 -0.67868
2023.1178 -0.066403 -0.68352
2023.1233 0.0000 -0.64739
2023.1288 -0.011274 -0.64354
2023.1342 -0.023066 -0.64694
2023.1397 -0.022957 -0.64877
2023.1452 -0.022957 -0.65273
2023.1507 -0.022957 -0.66432
2023.1562 -0.023832 -0.65738
2023.1616 -0.035020 -0.65240
2023.1671 -0.035020 -0.67194
2023.1726 -0.035589 -0.67222
2023.1781 -0.035589 -0.67379
2023.1836 -0.035589 -0.70015
2023.1890 -0.035589 -0.69420
2023.1945 -0.030185 -0.64824
2023.2000 -0.043623 -0.65051
2023.2055 -0.0085540 -0.61546
2023.2110 -0.0082981 -0.61346
2023.2164 -0.015864 -0.60999
2023.2219 -0.015864 -0.60751
2023.2274 -0.015864 -0.62158
2023.2329 -0.015864 -0.62703
2023.2384 -0.019810 -0.61022
2023.2438 -0.025888 -0.60578
2023.2493 -0.035311 -0.61092
2023.2548 -0.035311 -0.60087
2023.2603 -0.035311 -0.60127
2023.2658 -0.035311 -0.60485
2023.2712 -0.011992 -0.58771
2023.2767 -0.020368 -0.58541
2023.2822 0.0000 -0.55795
2023.2877 0.0000 -0.55636
2023.2932 -0.0057868 -0.55803
2023.2986 -0.0057868 -0.59089
2023.3041 -0.0057868 -0.60229
2023.3096 -0.0057868 -0.60822
2023.3151 -0.018933 -0.60011
2023.3205 -0.027369 -0.59197
2023.3260 -0.034290 -0.59527
2023.3315 -0.034290 -0.59823
2023.3370 -0.034290 -0.59639
2023.3425 -0.047539 -0.59350
2023.3479 -0.047539 -0.60651
2023.3534 -0.047539 -0.60778
2023.3589 -0.047539 -0.61653
2023.3644 -0.047539 -0.61698
2023.3699 -0.060130 -0.61310
2023.3753 -0.065609 -0.61741
2023.3808 -0.065609 -0.61332
2023.3863 -0.069988 -0.61497
2023.3918 -0.069594 -0.62013
2023.3973 -0.072739 -0.61432
2023.4027 -0.037729 -0.59634
2023.4082 -0.041864 -0.59937
2023.4137 -0.050468 -0.60922
2023.4192 -0.053027 -0.60386
2023.4247 -0.044914 -0.62184
2023.4301 -0.055567 -0.61572
2023.4356 -0.055816 -0.61390
2023.4411 -0.040608 -0.62845
2023.4466 -0.043901 -0.63017
2023.4521 -0.031220 -0.64182
2023.4575 -0.048855 -0.62875
2023.4630 -0.059198 -0.62572
2023.4685 0.0000 -0.58861
2023.4740 -0.017434 -0.58437
2023.4795 -0.017434 -0.58482
2023.4849 -0.021329 -0.58488
2023.4904 -0.025923 -0.59123
2023.4959 -0.029473 -0.58079
2023.5014 -0.027248 -0.57364
2023.5068 -0.031448 -0.58316
2023.5123 -0.033599 -0.58922
2023.5178 -0.033599 -0.59126
2023.5233 -0.041155 -0.58678
2023.5288 -0.0014568 -0.56546
2023.5342 -0.035695 -0.58142
2023.5397 -0.035695 -0.58490
2023.5452 -0.035695 -0.58915
2023.5507 -0.035695 -0.58880
2023.5562 -0.036882 -0.58825
2023.5616 -0.036882 -0.59698
2023.5671 -0.036882 -0.59652
2023.5726 -0.038435 -0.59322
2023.5781 -0.038435 -0.59714
2023.5836 -0.041070 -0.59966
2023.5890 -0.041070 -0.60141
2023.5945 -0.041070 -0.60159
2023.6000 -0.045906 -0.59428
2023.6055 -0.045906 -0.59661
2023.6110 -0.045906 -0.59699
2023.6164 -0.047425 -0.59762
2023.6219 -0.047425 -0.60640
2023.6274 -0.0059460 -0.63999
2023.6329 -0.015864 -0.63609
2023.6384 -0.040447 -0.64358
2023.6438 -0.040447 -0.63942
2023.6493 -0.042605 -0.64215
2023.6548 -0.045883 -0.64084
2023.6603 -0.045883 -0.62752
2023.6658 -0.024298 -0.64566
2023.6712 -0.026895 -0.64385
2023.6767 -0.029445 -0.64503
2023.6822 -0.029445 -0.64075
2023.6877 -0.037336 -0.64427
2023.6932 -0.0033659 -0.65937
2023.6986 -0.012698 -0.64623
2023.7041 -0.016191 -0.63972
2023.7096 -0.018911 -0.64261
2023.7151 -0.019838 -0.63624
2023.7205 -0.016755 -0.64759
2023.7260 -0.021007 -0.64616
2023.7315 -0.023472 -0.64842
2023.7370 -0.032703 -0.64671
2023.7425 -0.031671 -0.63462
2023.7479 -0.026176 -0.62001
2023.7534 -0.025505 -0.63323
2023.7589 -0.025505 -0.63933
2023.7644 -0.030979 -0.63347
2023.7699 -0.026031 -0.64259
2023.7753 -0.020434 -0.64820
2023.7808 -0.017581 -0.65019
2023.7863 -0.015702 -0.64781
2023.7918 -0.0076457 -0.64026
2023.7973 -0.015489 -0.63832
2023.8027 -0.015771 -0.62365
2023.8082 0.0000 -0.58871
2023.8137 0.0000 -0.57822
2023.8192 0.0000 -0.58241
2023.8247 0.0000 -0.57695
2023.8301 -0.0085765 -0.57369
2023.8356 -0.021195 -0.57407
2023.8411 -0.021195 -0.56599
2023.8466 -0.028300 -0.56018
2023.8521 -0.030289 -0.55870
2023.8575 -0.014654 -0.52452
2023.8630 -0.025758 -0.53016
2023.8685 -0.020068 -0.54696
2023.8740 -0.024160 -0.54610
2023.8795 -0.024160 -0.54372
2023.8849 -0.030781 -0.53115
2023.8904 -0.030781 -0.52589
2023.8959 -0.032152 -0.52183
2023.9014 -0.033519 -0.52582
2023.9068 -0.033519 -0.52568
2023.9123 -0.033519 -0.52581
2023.9178 -0.031483 -0.50145
2023.9233 -0.038454 -0.47759
2023.9288 -0.027468 -0.46952
2023.9342 -0.027468 -0.45047
2023.9397 -0.038714 -0.45348
2023.9452 -0.038714 -0.48571
2023.9507 -0.041883 -0.46244
2023.9562 -0.041883 -0.47812
2023.9616 -0.041883 -0.47723
2023.9671 -0.043403 -0.47411
2023.9726 -0.051750 -0.45604
2023.9781 -0.051750 -0.46925
2023.9836 -0.051750 -0.47645
2023.9890 -0.068138 -0.46100
2023.9945 -0.068138 -0.47030
2024.0000 -0.063719 -0.45139
2024.0055 -0.064170 -0.47738
2024.0109 -0.064170 -0.46248
2024.0164 -0.064817 -0.47006
2024.0219 -0.035973 -0.44209
2024.0273 -0.011886 -0.40442
2024.0328 -0.011886 -0.42848
2024.0383 -0.011886 -0.43918
2024.0437 -0.011886 -0.43542
2024.0492 -0.011886 -0.44642
2024.0546 -0.011886 -0.45144
2024.0601 -0.011886 -0.48899
2024.0656 -0.011886 -0.49192
2024.0710 -0.0099847 -0.47358
2024.0765 -0.014707 -0.46068
2024.0820 -0.019591 -0.46925
2024.0874 -0.025474 -0.46246
2024.0929 -0.025474 -0.46830
2024.0984 -0.024830 -0.45449
2024.1038 -0.0012200 -0.43647
2024.1093 0.0000 -0.41256
2024.1148 0.0000 -0.37975
2024.1202 0.0000 -0.35430
2024.1257 -0.0052526 -0.34902
2024.1311 -0.013721 -0.33862
2024.1366 -0.020640 -0.32008
2024.1421 -0.020640 -0.33130
2024.1475 -0.022434 -0.32683
2024.1530 0.0000 -0.28664
2024.1585 0.0000 -0.21647
2024.1639 0.0000 -0.21014
2024.1694 -0.0041074 -0.19918
2024.1749 -0.0014482 -0.18693
2024.1803 -0.0014482 -0.12824
2024.1858 -0.0014482 -0.11527
2024.1913 0.0000 -0.074543
2024.1967 0.0000 -0.077175
2024.2022 0.0000 -0.13134
2024.2077 0.0000 -0.15052
2024.2131 0.0000 -0.24961
2024.2186 0.0000 -0.18601
2024.2240 0.0000 -0.21566
2024.2295 0.0000 -0.14949
2024.2350 -0.0016244 -0.16391
2024.2404 -0.0016244 -0.16020
2024.2459 -0.0016244 -0.13479
2024.2514 -0.0016244 -0.21455
2024.2568 -0.0016244 -0.19174
2024.2623 -0.0038445 -0.18650
2024.2678 0.0000 -0.12648
2024.2732 0.0000 -0.15154
2024.2787 -0.0017529 -0.21111
2024.2842 -0.0017529 -0.22953
2024.2896 -0.0017529 -0.24920
2024.2951 -0.0017529 -0.25352
2024.3005 -0.0017529 -0.23349
2024.3060 -0.0029400 -0.21763
2024.3115 -0.0061876 -0.23939
2024.3169 -0.0061876 -0.24339
2024.3224 -0.010087 -0.22926
2024.3279 -0.014282 -0.27560
2024.3333 -0.014282 -0.28748
2024.3388 -0.018376 -0.24444
2024.3443 -0.022943 -0.25563
2024.3497 -0.022943 -0.27797
2024.3552 -0.022943 -0.28858
2024.3607 -0.022943 -0.28244
2024.3661 -0.022943 -0.28831
2024.3716 -0.022943 -0.26017
2024.3770 -0.034626 -0.22751
2024.3825 -0.0061789 -0.13198
2024.3880 0.0000 -0.13406
2024.3934 -0.0032706 -0.13835
2024.3989 -0.0064526 -0.12561
2024.4044 -0.018554 -0.12405
2024.4098 -0.018554 -0.13686
2024.4153 -0.018554 -0.13111
2024.4208 -0.024641 -0.13185
2024.4262 -0.031245 -0.10632
2024.4317 -0.031245 -0.14085
2024.4372 -0.031245 -0.13544
2024.4426 -0.031245 -0.17570
2024.4481 -0.031245 -0.18247
2024.4536 -0.031245 -0.17220
2024.4590 -0.037964 -0.17826
2024.4645 -0.037964 -0.17989
2024.4699 -0.037964 -0.18998
2024.4754 -0.037964 -0.20802
2024.4809 -0.037964 -0.21876
2024.4863 -0.037964 -0.21226
2024.4918 -0.037964 -0.22576
2024.4973 -0.039851 -0.20692
2024.5027 -0.034390 -0.24077
2024.5082 -0.010633 -0.30123
2024.5137 -0.0083967 -0.31227
2024.5191 -0.016918 -0.28246
2024.5246 -0.016918 -0.28174
2024.5301 -0.024633 -0.26156
2024.5355 -0.026971 -0.19109
2024.5410 -0.034502 -0.20752
2024.5464 -0.037056 -0.17808
2024.5519 -0.042719 -0.16602
2024.5574 -0.042719 -0.18494
2024.5628 -0.042719 -0.22657
2024.5683 -0.045091 -0.20561
2024.5738 -0.048163 -0.20241
2024.5792 -0.051237 -0.22527
2024.5847 -0.051237 -0.27464
2024.5902 -0.051237 -0.33213
2024.5956 -0.037226 -0.37355
2024.6011 -0.0018677 -0.31401
2024.6066 -0.0092728 -0.32765
2024.6120 -0.013065 -0.32118
2024.6175 -0.013065 -0.33282
2024.6230 -0.013065 -0.34097
2024.6284 -0.015193 -0.34081
2024.6339 -0.013217 -0.34293
2024.6393 -0.010578 -0.32896
2024.6448 -0.0037813 -0.28943
2024.6503 -0.0037813 -0.30813
2024.6557 -0.0037813 -0.34874
2024.6612 -0.0037813 -0.34862
2024.6667 -0.0037813 -0.37158
2024.6721 -0.0079929 -0.37066
2024.6776 -0.0079929 -0.38530
2024.6831 -0.0079929 -0.40869
2024.6885 -0.0011300 -0.38173
2024.6940 -0.0069287 -0.38274
2024.6995 0.0000 -0.35253
2024.7049 -0.0060944 -0.37645
2024.7104 -0.0060944 -0.36671
2024.7158 -0.0060944 -0.33629
2024.7213 -0.0086565 -0.31445
2024.7268 -0.011858 -0.31006
2024.7322 -0.015624 -0.31993
2024.7377 -0.017451 -0.29065
2024.7432 -0.019110 -0.29650
2024.7486 -0.019110 -0.34999
2024.7541 -0.019110 -0.36336
2024.7596 -0.019110 -0.34770
2024.7650 -0.033517 -0.34583
2024.7705 -0.048168 -0.36148
2024.7760 -0.053746 -0.34232
2024.7814 -0.053746 -0.33629
2024.7869 -0.012685 -0.29539
2024.7923 -0.010894 -0.29384
2024.7978 -0.0056618 -0.28304
2024.8033 -0.015262 -0.28602
2024.8087 -0.015262 -0.30886
2024.8142 -0.018646 -0.32016
2024.8197 -0.018646 -0.30397
2024.8251 0.0000 -0.26098
2024.8306 -0.024946 -0.29030
2024.8361 -0.024946 -0.29835
2024.8415 -0.024946 -0.31918
2024.8470 0.0000 -0.23442
2024.8525 0.0000 -0.19758
2024.8579 0.0000 -0.14750
2024.8634 -0.027872 -0.098868
2024.8689 -0.027872 -0.12720
2024.8743 -0.027872 -0.099877
2024.8798 -0.027547 -0.090421
2024.8852 -0.027547 -0.088159
2024.8907 -0.040299 -0.029111
2024.8962 -0.040299 -0.030031
2024.9016 -0.030769 -0.067312
2024.9071 -0.030769 -0.013601
2024.9126 -0.038549 0.0000
2024.9180 -0.043609 -0.015983
2024.9235 -0.048710 0.0000
2024.9290 -0.045628 0.0000
2024.9344 -0.048310 0.0000
2024.9399 -0.051131 -0.069283
2024.9454 -0.051131 -0.020849
2024.9508 -0.051131 -0.015717
2024.9563 -0.054043 0.0000
2024.9617 -0.054043 -0.072433
2024.9672 -0.054043 -0.10284
2024.9727 -0.054043 -0.13890
2024.9781 -0.054043 -0.096226
2024.9836 -0.054043 -0.12957
2024.9891 -0.054043 -0.12387
2024.9945 -0.054043 -0.14121
2025.0000 -0.054043 -0.13282
2025.0055 -0.065093 -0.084423
2025.0110 -0.065093 -0.080204
2025.0164 -0.073590 -0.11783
2025.0219 -0.073590 -0.15894
2025.0274 -0.073590 -0.14136
2025.0329 -0.085485 -0.15930
2025.0384 -0.085485 -0.091957
2025.0438 -0.082479 -0.071720
2025.0493 -0.085387 -0.11712
2025.0548 -0.093093 -0.079570
2025.0603 -0.095793 -0.089059
2025.0658 -0.099075 -0.087501
2025.0712 -0.099075 -0.11693
2025.0767 -0.099075 -0.11719
2025.0822 -0.10293 -0.10098
2025.0877 -0.10293 -0.17638
2025.0932 -0.10293 -0.19264
2025.0986 -0.10293 -0.20395
2025.1041 -0.10293 -0.21102
2025.1096 -0.10568 -0.20268
2025.1151 -0.13542 -0.19132
2025.1205 -0.14557 -0.19457
2025.1260 -0.14499 -0.20916
2025.1315 -0.14999 -0.21041
2025.1370 -0.14999 -0.18913
2025.1425 -0.15309 -0.19466
2025.1479 -0.10952 -0.24939
2025.1534 -0.071372 -0.30731
2025.1589 -0.053089 -0.31808
2025.1644 -0.047045 -0.23560
2025.1699 -0.057636 -0.31189
2025.1753 -0.057636 -0.29513
2025.1808 -0.057636 -0.31310
2025.1863 -0.057636 -0.39131
2025.1918 -0.057636 -0.36146
2025.1973 -0.058555 -0.35932
2025.2027 -0.058555 -0.36922
2025.2082 -0.058555 -0.36304
2025.2137 -0.063010 -0.34967
2025.2192 -0.063010 -0.35168
2025.2247 -0.051891 -0.32153
2025.2301 -0.051891 -0.33314
2025.2356 -0.051891 -0.35914
2025.2411 -0.051891 -0.37979
2025.2466 -0.051846 -0.35431
2025.2521 -0.060134 -0.37488
2025.2575 -0.074407 -0.37441
2025.2630 -0.031981 -0.42643
2025.2685 -0.038757 -0.39542
2025.2740 -0.040892 -0.40404
2025.2795 -0.040892 -0.39869
2025.2849 -0.044389 -0.39991
2025.2904 -0.044389 -0.39436
2025.2959 -0.044389 -0.39020
2025.3014 -0.037197 -0.38244
2025.3068 -0.026067 -0.32599
2025.3123 -0.031784 -0.32241
2025.3178 -0.031784 -0.32626
2025.3233 -0.031784 -0.32296
2025.3288 -0.032845 -0.30712
2025.3342 -0.041673 -0.31068
2025.3397 -0.042509 -0.31810
2025.3452 -0.044644 -0.30787
2025.3507 0.0000 -0.21417
2025.3562 -0.021187 -0.18806
2025.3616 -0.030305 -0.16799
2025.3671 -0.037005 -0.18556
2025.3726 -0.037005 -0.19760
2025.3781 -0.041105 -0.17915
2025.3836 -0.044135 -0.15662
2025.3890 -0.044135 -0.17104
2025.3945 -0.044135 -0.15958
2025.4000 -0.051502 -0.14671
2025.4055 -0.043064 -0.16683
2025.4110 -0.043064 -0.18391
2025.4164 -0.043064 -0.16815
2025.4219 -0.044831 -0.17376
2025.4274 -0.044831 -0.19145
2025.4329 -0.044831 -0.18054
2025.4384 0.0000 -0.12144
2025.4438 -0.044276 -0.16472
2025.4493 -0.044276 -0.17960
2025.4548 -0.054384 -0.17133
2025.4603 -0.054384 -0.18294
2025.4658 -0.054384 -0.20514
2025.4712 -0.054384 -0.23803
2025.4767 -0.052727 -0.18634
2025.4822 -0.053811 -0.18604
2025.4877 -0.053004 -0.18198
2025.4932 -0.052059 -0.17675
2025.4986 -0.042649 -0.15814
2025.5041 -0.040545 -0.16985
2025.5096 -0.040545 -0.15645
2025.5151 -0.040476 -0.15240
2025.5205 0.0000 -0.077138
2025.5260 -0.0040416 -0.071136
2025.5315 0.0000 -0.050846
2025.5370 0.0000 -0.013083
2025.5425 0.0000 0.0000
2025.5479 0.0000 0.0000
2025.5534 -0.023808 0.0000
2025.5589 -0.023808 -0.012385
2025.5644 -0.023808 -0.010197
2025.5699 -0.033755 -0.015002
2025.5753 -0.046471 -0.014737
2025.5808 -0.046471 -0.073135
2025.5863 -0.046471 -0.067599
2025.5918 -0.046471 -0.054725
2025.5973 -0.028292 -0.0046346
2025.6027 0.0000 0.0000
2025.6082 -0.014809 -0.0056813
2025.6137 0.0000 0.0000
2025.6192 -0.060321 -0.056413
2025.6247 -0.067528 -0.052842
2025.6301 -0.067528 -0.11287
2025.6356 -0.067528 -0.099072
2025.6411 -0.073074 -0.029953
2025.6466 -0.073074 -0.093173
2025.6521 -0.073074 -0.075008
2025.6575 -0.073074 -0.10216
2025.6630 -0.073074 -0.099280
2025.6685 -0.073074 -0.093739
2025.6740 -0.076456 -0.098755
2025.6795 -0.078699 -0.10344
2025.6849 -0.089077 -0.092258
2025.6904 -0.094206 -0.080012
2025.6959 -0.059897 -0.033823
2025.7014 -0.077897 -0.048096
2025.7068 -0.093065 -0.052556
2025.7123 -0.093065 -0.042457
2025.7178 -0.093065 -0.059167
2025.7233 -0.093065 -0.10066
2025.7288 -0.093065 -0.10296
2025.7342 -0.094029 -0.13046
2025.7397 -0.094314 -0.10876
2025.7452 -0.099642 -0.10075
2025.7507 -0.053632 -0.038690
2025.7562 -0.050025 -0.030837
2025.7616 -0.018727 -0.0010757
2025.7671 -0.023848 -0.023120
2025.7726 -0.023848 -0.13770
2025.7781 -0.023848 -0.095774
2025.7836 -0.023848 -0.10691
2025.7890 -0.023848 -0.15083
2025.7945 -0.023848 -0.15546
2025.8000 -0.023877 -0.13228
2025.8055 -0.022187 -0.16253
2025.8110 -0.025023 -0.13495
2025.8164 -0.022432 -0.097367
2025.8219 -0.022870 -0.12258
2025.8274 -0.022870 -0.15964
2025.8329 -0.025878 -0.14536
2025.8384 -0.0095043 -0.18767
2025.8438 -0.032702 -0.21728
2025.8493 -0.0082443 -0.21851
2025.8548 -0.021081 -0.19739
2025.8603 -0.025372 -0.22147
2025.8658 -0.025372 -0.25472
2025.8712 -0.025372 -0.27816
2025.8767 -0.025372 -0.30644
2025.8822 -0.025372 -0.30966
2025.8877 -0.025372 -0.36296
2025.8932 -0.025372 -0.35201
2025.8986 -0.036614 -0.33361
2025.9041 -0.036614 -0.31133
2025.9096 -0.038846 -0.31606
2025.9151 -0.015648 -0.35444
2025.9205 -0.075049 -0.28459
2025.9260 -0.075049 -0.31883
2025.9315 -0.075049 -0.31053
2025.9370 -0.048655 -0.27443
2025.9425 -0.053353 -0.28343
2025.9479 -0.062302 -0.30547
2025.9534 -0.027788 -0.33684
2025.9589 -0.035251 -0.35121
2025.9644 -0.040371 -0.32837
2025.9699 -0.040371 -0.32381
2025.9753 -0.052949 -0.33265
2025.9808 -0.055138 -0.33998
2025.9863 -0.071938 -0.33269
2025.9918 -0.087100 -0.33670
2025.9973 -0.090260 -0.33166
2026.0027 -0.072884 -0.30564
2026.0082 -0.069470 -0.29725
2026.0137 -0.058859 -0.27241
2026.0192 -0.058859 -0.30312
2026.0247 -0.058859 -0.30786
2026.0301 -0.063043 -0.30356
2026.0356 -0.063043 -0.25307
2026.0411 -0.063043 -0.26499
2026.0466 -0.068713 -0.27405
2026.0521 -0.068713 -0.33155
2026.0575 -0.068713 -0.32548
2026.0630 -0.068713 -0.32697
2026.0685 -0.068713 -0.33281
2026.0740 -0.068713 -0.32071
2026.0795 -0.019579 -0.37284
2026.0849 0.0000 -0.44788
2026.0904 0.0000 -0.45671
2026.0959 0.0000 -0.55189
2026.1014 -0.066871 -0.49837
2026.1068 -0.084132 -0.49301
2026.1123 -0.084132 -0.52248
2026.1178 -0.084132 -0.50412
2026.1233 -0.087287 -0.51267
2026.1288 -0.087287 -0.51556
2026.1342 -0.087287 -0.52200
2026.1397 -0.087287 -0.51539
2026.1452 -0.087287 -0.54126
2026.1507 -0.087287 -0.50660
2026.1562 -0.087287 -0.52855
2026.1616 -0.087287 -0.52794
2026.1671 -0.090037 -0.51288
2026.1726 -0.092548 -0.49301
2026.1781 -0.092548 -0.51866
2026.1836 -0.099710 -0.51135
2026.1890 -0.10755 -0.49806
2026.1945 -0.11173 -0.49079
2026.2000 -0.10987 -0.47413
2026.2055 -0.098481 -0.45525
2026.2110 -0.098481 -0.49034
2026.2164 -0.098481 -0.49998
2026.2219 -0.098481 -0.48490
2026.2274 -0.098481 -0.48142
2026.2329 -0.098481 -0.52003
2026.2384 -0.12114 -0.52255
2026.2438 -0.13402 -0.50074
2026.2493 -0.13402 -0.51119
2026.2548 -0.13402 -0.50868
2026.2603 -0.12093 -0.49790
2026.2658 -0.11153 -0.48004
2026.2712 -0.11153 -0.46663
2026.2767 -0.11153 -0.48138
2026.2822 -0.10301 -0.45367
2026.2877 -0.10768 -0.44691
2026.2932 -0.10986 -0.44437
2026.2986 -0.10986 -0.44758
2026.3041 -0.10616 -0.43170
2026.3096 -0.10616 -0.44086
2026.3151 -0.10061 -0.43031
2026.3205 -0.10367 -0.44823
2026.3260 -0.10367 -0.45157
2026.3315 -0.10989 -0.43560
2026.3370 -0.13138 -0.42771
2026.3425 -0.13138 -0.42070
2026.3479 -0.13138 -0.43038
2026.3534 -0.13524 -0.41551
2026.3589 -0.13639 -0.43248
2026.3644 -0.13639 -0.42921
2026.3699 -0.13639 -0.45201
2026.3753 -0.13639 -0.46207
2026.3808 -0.13639 -0.45998
2026.3863 -0.13810 -0.47489
2026.3918 -0.13810 -0.46508
2026.3973 -0.14880 -0.47255
2026.4027 -0.14880 -0.48865
2026.4082 -0.14880 -0.48635
2026.4137 -0.15425 -0.49810
2026.4192 -0.11163 -0.54814
2026.4247 -0.031973 -0.58424
2026.4301 -0.073014 -0.56379
2026.4356 -0.073014 -0.57579
2026.4411 -0.080376 -0.56455
2026.4466 -0.080850 -0.56010
2026.4521 -0.068647 -0.54063
2026.4575 -0.068647 -0.55293
2026.4630 -0.068647 -0.56095
2026.4685 -0.068647 -0.56242
2026.4740 -0.076910 -0.56895
2026.4795 -0.076910 -0.59141
2026.4849 -0.076910 -0.58977
2026.4904 -0.096167 -0.58481
2026.4959 -0.10989 -0.58600
2026.5014 -0.090050 -0.56009
2026.5068 -0.078686 -0.55286
2026.5123 -0.089575 -0.55546
2026.5178 -0.11951 -0.55869
2026.5233 -0.11951 -0.55184
2026.5288 -0.12706 -0.55928
2026.5342 -0.10893 -0.53456
2026.5397 -0.12153 -0.54579
2026.5452 -0.12143 -0.53940
2026.5507 -0.13310 -0.52584
2026.5562 -0.14047 -0.53724
2026.5616 -0.14047 -0.54067
2026.5671 -0.13573 -0.54138
2026.5726 -0.13573 -0.53869
2026.5781 -0.13573 -0.54810
2026.5836 -0.13573 -0.54293
2026.5890 -0.13573 -0.54224
2026.5945 -0.13525 -0.53788
2026.6000 -0.13050 -0.53387
2026.6055 -0.13601 -0.54249
2026.6110 -0.13601 -0.54389
2026.6164 -0.13601 -0.54543
2026.6219 -0.13601 -0.54666
2026.6274 -0.13452 -0.53468
2026.6329 0.0000 -0.45808
2026.6384 -0.033794 -0.43142
2026.6438 -0.018167 -0.41732
2026.6493 -0.010900 -0.41465
2026.6548 -0.022345 -0.42616
2026.6603 -0.022345 -0.42938
2026.6658 -0.026836 -0.43047
2026.6712 -0.031344 -0.40530
2026.6767 -0.031344 -0.41403
2026.6822 -0.031344 -0.41608
2026.6877 -0.031344 -0.42170
2026.6932 -0.034223 -0.42114
2026.6986 -0.035631 -0.42686
2026.7041 -0.047056 -0.44009
2026.7096 -0.047056 -0.43182
2026.7151 -0.013701 -0.39251
2026.7205 -0.0087208 -0.35558
2026.7260 -0.039108 -0.37412
2026.7315 -0.039108 -0.37463
2026.7370 -0.039108 -0.37341
2026.7425 -0.039108 -0.37794
2026.7452 -0.039108 -0.37739
