x pf btc eth bh
2018.6658 100.00 100.00 100.00 103.74
2018.6712 99.240 100.00 98.479 103.09
2018.6767 109.06 100.00 118.11 88.196
2018.6822 111.35 100.00 122.70 83.841
2018.6877 114.58 100.00 129.16 79.224
2018.6932 114.46 99.760 129.16 77.648
2018.6986 112.68 98.937 126.42 83.645
2018.7041 112.18 97.936 126.42 85.775
2018.7096 112.92 99.426 126.42 79.418
2018.7151 111.58 96.753 126.42 82.793
2018.7205 113.51 98.351 128.66 92.107
2018.7260 112.69 96.712 128.66 91.197
2018.7315 112.69 96.712 128.66 84.829
2018.7370 112.69 96.712 128.66 88.319
2018.7425 111.97 96.712 127.22 88.033
2018.7479 111.58 95.942 127.22 87.973
2018.7534 111.58 95.942 127.22 85.231
2018.7589 110.46 95.942 124.98 87.475
2018.7644 110.46 95.942 124.98 87.047
2018.7699 109.76 95.942 123.58 87.528
2018.7753 118.61 95.942 141.27 77.879
2018.7808 115.92 95.942 135.90 79.940
2018.7863 117.22 97.684 136.77 83.991
2018.7918 117.19 97.617 136.77 83.685
2018.7973 118.30 97.388 139.21 81.907
2018.8027 115.95 96.817 135.08 82.563
2018.8082 115.07 96.337 133.80 82.129
2018.8137 114.10 95.694 132.51 81.789
2018.8192 112.42 95.305 129.54 81.982
2018.8247 114.09 95.883 132.29 79.645
2018.8301 112.94 94.699 131.17 80.222
2018.8356 110.99 94.145 127.84 81.201
2018.8411 114.38 93.574 135.19 83.443
2018.8466 116.91 93.119 140.69 85.160
2018.8521 115.00 92.495 137.50 83.448
2018.8575 114.90 92.310 137.50 83.130
2018.8630 114.82 92.148 137.50 82.843
2018.8685 126.38 102.23 150.54 73.174
2018.8740 130.44 103.50 157.38 70.680
2018.8795 129.33 102.76 155.90 71.410
2018.8849 153.94 116.23 191.65 54.786
2018.8904 157.17 116.23 198.10 52.961
2018.8959 162.43 116.23 208.64 47.387
2018.9014 164.45 116.23 212.66 46.223
2018.9068 162.93 114.89 210.97 51.906
2018.9123 162.93 114.89 210.97 48.502
2018.9178 162.93 114.89 210.97 49.940
2018.9233 162.93 114.89 210.97 47.347
2018.9288 162.93 114.89 210.97 40.660
2018.9342 162.93 114.89 210.97 40.276
2018.9397 162.93 114.89 210.97 40.258
2018.9452 162.93 114.89 210.97 40.327
2018.9507 162.81 114.89 210.73 37.663
2018.9562 162.91 114.89 210.93 37.800
2018.9616 173.64 115.25 232.03 43.966
2018.9671 191.57 119.53 263.61 49.290
2018.9726 192.90 119.53 266.27 48.833
2018.9781 217.84 118.79 316.88 53.282
2018.9836 217.84 118.79 316.88 50.130
2018.9890 217.84 118.79 316.88 51.721
2018.9945 214.46 118.79 310.13 51.809
2019.0000 213.12 118.79 307.46 51.958
2019.0055 213.92 118.79 309.05 52.983
2019.0110 213.92 118.79 309.05 54.172
2019.0164 212.25 118.21 306.30 55.074
2019.0219 212.04 117.79 306.30 54.830
2019.0274 212.04 117.79 306.30 48.026
2019.0329 212.04 117.79 306.30 45.335
2019.0384 212.04 117.79 306.30 46.621
2019.0438 212.04 117.79 306.30 47.516
2019.0493 212.04 117.79 306.30 48.011
2019.0548 213.83 121.36 306.30 45.707
2019.0603 213.56 120.82 306.30 46.000
2019.0658 212.97 119.64 306.30 45.818
2019.0712 212.97 119.64 306.30 45.084
2019.0767 214.81 123.32 306.30 42.716
2019.0822 214.42 122.55 306.30 43.231
2019.0877 213.78 121.15 306.42 44.292
2019.0932 213.78 121.15 306.42 43.435
2019.0986 213.78 121.15 306.42 42.541
2019.1041 213.98 127.08 300.87 47.002
2019.1096 218.35 128.05 308.66 48.241
2019.1151 207.69 123.81 291.56 47.300
2019.1205 207.69 123.81 291.56 46.765
2019.1260 207.69 123.81 291.56 47.303
2019.1315 208.85 125.28 292.41 53.459
2019.1370 205.42 127.44 283.41 54.423
2019.1425 205.48 127.54 283.41 54.254
2019.1479 201.41 123.86 278.95 50.053
2019.1534 201.41 123.86 278.95 51.244
2019.1589 201.41 123.86 278.95 51.061
2019.1644 201.41 123.86 278.95 50.703
2019.1699 201.41 123.86 278.95 48.679
2019.1753 199.71 122.18 277.23 51.856
2019.1808 199.71 122.18 277.23 51.117
2019.1863 199.71 122.18 277.23 51.826
2019.1918 199.71 122.18 277.23 51.234
2019.1973 199.71 122.18 277.23 50.955
2019.2027 201.66 122.34 280.98 53.468
2019.2082 201.66 122.34 280.98 52.731
2019.2137 201.66 122.34 280.98 53.425
2019.2192 201.66 122.34 280.98 52.534
2019.2247 201.66 122.34 280.98 52.467
2019.2301 201.66 122.34 280.98 51.790
2019.2356 201.66 122.34 280.98 53.082
2019.2411 200.71 123.37 278.06 54.489
2019.2466 201.34 124.62 278.06 54.567
2019.2521 208.71 148.05 269.36 63.892
2019.2575 208.71 148.05 269.36 65.185
2019.2630 208.76 146.58 270.94 67.939
2019.2685 205.85 145.72 265.98 68.021
2019.2740 205.85 145.72 265.98 65.064
2019.2795 205.85 145.72 265.98 65.039
2019.2849 204.18 145.31 263.06 64.240
2019.2904 204.47 145.89 263.06 66.741
2019.2959 204.47 145.89 263.06 68.366
2019.3014 204.47 145.89 263.06 67.687
2019.3068 203.87 144.68 263.06 69.468
2019.3123 203.87 144.68 263.06 64.061
2019.3178 203.87 144.68 263.06 65.135
2019.3233 203.87 144.68 263.06 64.248
2019.3288 203.27 143.48 263.06 66.357
2019.3342 205.17 145.34 264.99 70.176
2019.3397 199.66 140.75 258.57 69.650
2019.3452 195.69 138.40 252.98 71.040
2019.3507 195.69 138.40 252.98 74.233
2019.3562 205.13 150.60 259.65 85.220
2019.3616 211.31 162.97 259.65 90.444
2019.3671 230.57 171.29 289.85 102.57
2019.3726 230.89 165.61 296.17 95.789
2019.3781 229.30 162.42 296.17 104.54
2019.3836 227.24 160.26 294.21 101.71
2019.3890 227.24 160.26 294.21 99.601
2019.3945 227.24 160.26 294.21 101.92
2019.4000 232.31 167.62 297.00 110.56
2019.4055 230.62 166.57 294.67 109.49
2019.4110 230.62 166.57 294.67 108.50
2019.4164 230.62 166.57 294.67 110.01
2019.4219 230.62 166.57 294.67 97.508
2019.4274 230.62 166.57 294.67 99.819
2019.4329 230.62 166.57 294.67 99.739
2019.4384 230.62 166.57 294.67 100.95
2019.4438 227.22 165.81 288.63 104.66
2019.4493 224.29 163.67 284.91 108.61
2019.4548 229.48 167.49 291.46 111.51
2019.4603 229.48 167.49 291.46 111.71
2019.4658 229.13 166.80 291.46 116.13
2019.4712 236.41 172.76 300.06 131.18
2019.4767 232.25 172.76 291.74 133.96
2019.4822 231.22 173.19 289.26 152.36
2019.4877 231.22 173.19 289.26 143.29
2019.4932 231.22 173.19 289.26 128.67
2019.4986 231.22 173.19 289.26 128.95
2019.5041 231.22 173.19 289.26 129.65
2019.5096 231.22 173.19 289.26 131.31
2019.5151 232.63 174.69 290.57 142.97
2019.5205 235.03 179.49 290.57 137.60
2019.5260 235.03 179.49 290.57 132.93
2019.5315 235.03 179.49 290.57 112.75
2019.5370 235.03 179.49 290.57 102.40
2019.5425 235.03 179.49 290.57 115.98
2019.5479 235.03 179.49 290.57 117.14
2019.5534 235.03 179.49 290.57 112.24
2019.5589 235.03 179.49 290.57 108.00
2019.5644 235.03 179.49 290.57 109.04
2019.5699 235.03 179.49 290.57 105.53
2019.5753 234.68 179.49 289.87 105.59
2019.5808 235.89 181.91 289.87 112.68
2019.5863 233.13 177.37 288.89 116.57
2019.5918 238.39 180.93 295.86 125.57
2019.5973 237.13 182.62 291.64 125.47
2019.6027 247.25 182.62 311.87 121.91
2019.6082 247.36 182.62 312.10 120.60
2019.6137 247.36 182.62 312.10 114.58
2019.6192 253.51 182.62 324.40 106.81
2019.6247 254.56 182.62 326.49 105.73
2019.6301 260.10 182.54 337.65 113.80
2019.6356 259.21 181.59 336.84 105.52
2019.6411 255.42 181.59 329.26 108.59
2019.6466 253.22 180.53 325.90 105.37
2019.6521 250.06 180.53 319.59 105.71
2019.6575 267.42 187.92 346.91 97.647
2019.6630 263.97 186.02 341.92 98.844
2019.6685 268.50 193.67 343.33 105.63
2019.6740 267.16 197.38 336.95 106.47
2019.6795 267.16 197.38 336.95 103.51
2019.6849 264.40 197.38 331.42 106.30
2019.6904 261.62 191.83 331.42 103.88
2019.6959 258.96 191.83 326.10 106.36
2019.7014 263.41 191.83 335.00 107.21
2019.7068 264.49 191.83 337.16 108.22
2019.7123 271.62 191.83 351.42 109.69
2019.7178 262.26 191.83 332.69 111.20
2019.7233 262.26 191.83 332.69 108.92
2019.7288 262.26 191.83 332.69 90.287
2019.7342 259.32 185.95 332.69 86.874
2019.7397 259.32 185.95 332.69 89.380
2019.7452 256.40 185.95 326.85 91.261
2019.7507 255.61 186.34 324.87 91.687
2019.7562 251.86 180.88 322.84 89.276
2019.7616 250.66 178.48 322.84 86.185
2019.7671 249.82 178.48 321.16 90.362
2019.7726 249.82 178.48 321.16 95.110
2019.7781 249.08 177.00 321.16 91.089
2019.7836 249.08 177.00 321.16 92.764
2019.7890 250.93 180.70 321.16 87.972
2019.7945 251.74 180.80 322.68 87.373
2019.8000 246.28 175.59 316.96 89.814
2019.8055 244.46 175.59 313.32 87.604
2019.8110 255.51 187.09 323.93 81.472
2019.8164 243.90 179.57 308.22 97.819
2019.8219 243.90 179.57 308.22 97.956
2019.8274 240.63 179.57 301.68 97.804
2019.8329 240.63 179.57 301.68 98.399
2019.8384 240.63 179.57 301.68 97.857
2019.8438 244.64 179.57 309.71 99.932
2019.8493 243.00 179.57 306.43 98.716
2019.8548 239.23 179.57 298.89 95.639
2019.8603 236.89 179.57 294.22 95.001
2019.8658 235.47 179.57 291.36 95.806
2019.8712 235.47 179.57 291.36 92.286
2019.8767 234.76 178.16 291.36 93.220
2019.8822 234.94 178.51 291.36 89.129
2019.8877 240.52 189.68 291.36 82.841
2019.8932 243.70 196.05 291.36 79.138
2019.8986 251.97 197.46 306.49 76.632
2019.9041 250.11 193.72 306.49 80.754
2019.9096 247.35 193.72 300.97 82.710
2019.9151 243.70 190.17 297.24 79.598
2019.9205 241.93 190.17 293.69 78.166
2019.9260 234.24 183.73 284.75 78.972
2019.9315 234.24 183.73 284.75 79.601
2019.9370 233.98 185.51 282.44 78.489
2019.9425 235.15 188.81 281.49 76.831
2019.9479 232.07 187.57 276.57 77.438
2019.9534 232.43 191.09 273.76 76.008
2019.9589 250.68 200.69 300.67 68.769
2019.9644 239.21 192.97 285.44 73.702
2019.9699 236.75 192.97 280.53 73.490
2019.9753 238.16 200.19 276.12 74.836
2019.9808 234.94 197.17 272.70 73.497
2019.9863 234.94 197.17 272.70 74.068
2019.9918 235.99 197.46 274.52 76.496
2019.9973 230.52 195.37 265.67 74.025
2020.0027 234.99 197.35 272.64 72.123
2020.0082 230.27 193.18 267.36 76.175
2020.0137 231.37 195.39 267.36 80.923
2020.0191 223.91 186.20 261.61 82.321
2020.0246 223.91 186.20 261.61 84.161
2020.0301 221.76 186.20 257.32 84.326
2020.0355 237.53 186.20 288.87 92.225
2020.0410 235.63 184.89 286.38 91.238
2020.0464 243.73 183.75 303.70 94.416
2020.0519 236.91 183.05 290.76 91.105
2020.0574 236.91 183.05 290.76 91.537
2020.0628 236.91 183.05 290.76 88.889
2020.0683 237.22 183.68 290.76 91.034
2020.0738 238.40 192.24 284.57 98.184
2020.0792 235.64 187.87 283.40 100.50
2020.0847 233.57 187.87 279.28 99.436
2020.0902 235.75 187.87 283.63 99.883
2020.0956 241.91 187.08 296.73 104.74
2020.1011 255.16 185.12 325.21 109.53
2020.1066 258.92 185.12 332.73 113.09
2020.1120 252.96 190.07 315.85 115.22
2020.1175 260.55 184.58 336.53 120.56
2020.1230 260.55 184.58 336.53 117.60
2020.1284 260.55 184.58 336.53 116.68
2020.1339 260.55 184.58 336.53 114.29
2020.1393 260.55 184.58 336.53 116.22
2020.1448 260.60 188.21 332.99 119.77
2020.1503 257.07 183.12 331.02 110.13
2020.1557 257.07 183.12 331.02 103.29
2020.1612 257.07 183.12 331.02 99.355
2020.1667 257.07 183.12 331.02 104.75
2020.1721 257.07 183.12 331.02 102.21
2020.1776 259.24 187.47 331.02 108.73
2020.1831 257.10 181.63 332.56 92.676
2020.1885 257.10 181.63 332.56 91.848
2020.1940 257.10 181.63 332.56 53.655
2020.1995 257.10 181.63 332.56 58.605
2020.2049 258.54 184.53 332.56 55.590
2020.2104 258.54 184.53 332.56 59.511
2020.2158 256.85 193.06 320.64 67.965
2020.2213 256.04 191.44 320.64 63.153
2020.2268 256.04 191.44 320.64 72.822
2020.2322 254.23 191.44 317.03 72.762
2020.2377 254.23 191.44 317.03 67.827
2020.2432 254.23 191.44 317.03 69.121
2020.2486 258.73 195.99 321.46 71.506
2020.2541 267.00 193.99 340.01 73.150
2020.2596 267.00 193.99 340.01 73.626
2020.2650 274.66 192.96 356.37 80.572
2020.2705 274.66 192.96 356.37 82.090
2020.2760 274.66 192.96 356.37 77.176
2020.2814 274.66 192.96 356.37 76.678
2020.2869 274.66 192.96 356.37 74.298
2020.2923 277.83 192.96 362.71 80.376
2020.2978 276.63 192.96 360.30 82.764
2020.3033 276.63 192.96 360.30 79.180
2020.3087 278.21 196.12 360.30 86.290
2020.3142 281.82 196.12 367.53 88.284
2020.3197 280.74 196.12 365.36 90.365
2020.3251 287.59 217.66 357.52 100.90
2020.3306 287.02 214.34 359.71 100.60
2020.3361 287.02 214.34 359.71 100.82
2020.3415 287.02 214.34 359.71 100.85
2020.3470 288.60 217.48 359.71 108.92
2020.3525 287.72 215.72 359.71 105.35
2020.3579 287.72 215.72 359.71 94.077
2020.3634 286.73 215.72 357.74 101.84
2020.3689 286.31 213.70 358.92 100.93
2020.3743 285.15 213.70 356.60 105.65
2020.3798 284.95 212.25 357.65 107.86
2020.3852 284.95 212.25 357.65 99.883
2020.3907 284.95 212.25 357.65 102.14
2020.3962 284.95 212.25 357.65 99.712
2020.4016 284.95 212.25 357.65 102.63
2020.4071 291.56 211.33 371.78 106.33
2020.4126 304.58 210.13 399.03 108.45
2020.4180 299.67 207.68 391.66 110.11
2020.4235 299.79 207.91 391.66 112.98
2020.4290 299.07 207.91 390.22 111.89
2020.4344 298.33 207.56 389.10 113.49
2020.4399 293.36 206.85 379.88 114.52
2020.4454 293.36 206.85 379.88 109.63
2020.4508 293.36 206.85 379.88 107.66
2020.4563 292.74 205.60 379.88 109.71
2020.4617 292.74 205.60 379.88 107.89
2020.4672 292.74 205.60 379.88 107.33
2020.4727 303.86 212.10 395.63 112.19
2020.4781 302.65 210.18 395.13 107.84
2020.4836 302.65 210.18 395.13 106.06
2020.4891 302.65 210.18 395.13 104.93
2020.4945 302.65 210.18 395.13 105.16
2020.5000 302.18 208.51 395.85 105.03
2020.5055 302.18 208.51 395.85 105.83
2020.5109 303.77 207.21 400.33 109.53
2020.5164 299.08 207.01 391.15 111.12
2020.5219 294.73 205.27 384.20 109.01
2020.5273 293.26 202.32 384.20 109.45
2020.5328 292.87 201.54 384.20 108.64
2020.5383 294.17 204.15 384.20 106.57
2020.5437 294.08 203.97 384.20 107.26
2020.5492 292.63 203.97 381.29 107.22
2020.5546 295.90 205.96 385.84 114.83
2020.5601 307.94 206.01 409.88 117.63
2020.5656 321.42 211.11 431.72 126.12
2020.5710 335.98 232.24 439.73 134.23
2020.5765 350.39 235.91 464.87 138.67
2020.5820 375.52 250.89 500.15 152.96
2020.5874 355.93 233.25 478.62 148.63
2020.5929 342.71 237.90 447.52 154.96
2020.5984 338.96 230.41 447.52 150.06
2020.6038 338.96 230.41 447.52 152.56
2020.6093 338.96 230.41 447.52 148.51
2020.6148 344.65 230.41 458.90 159.46
2020.6202 344.65 230.41 458.90 161.26
2020.6257 346.31 237.40 455.22 164.19
2020.6311 346.31 237.40 455.22 156.17
2020.6366 346.31 237.40 455.22 151.10
2020.6421 346.31 237.40 455.22 152.39
2020.6475 346.31 237.40 455.22 148.76
2020.6530 346.31 237.40 455.22 148.83
2020.6585 346.31 237.40 455.22 152.57
2020.6639 358.71 238.12 479.30 160.12
2020.6694 360.58 235.54 485.61 159.31
2020.6749 342.12 235.54 448.69 142.96
2020.6803 342.12 235.54 448.69 135.79
2020.6858 342.12 235.54 448.69 132.08
2020.6913 342.99 235.54 450.43 139.07
2020.6967 342.99 235.54 450.43 143.31
2020.7022 345.86 238.39 453.32 143.07
2020.7077 344.86 236.39 453.32 142.90
2020.7131 344.86 236.39 453.32 146.18
2020.7186 343.61 236.39 450.83 143.76
2020.7240 343.61 236.39 450.83 136.22
2020.7295 342.94 236.39 449.50 138.56
2020.7350 342.38 236.39 448.38 139.33
2020.7404 343.46 238.51 448.41 139.06
2020.7459 340.09 233.84 446.33 140.73
2020.7514 340.24 236.16 444.33 136.78
2020.7568 339.25 234.18 444.33 138.63
2020.7623 337.67 235.56 439.79 136.12
2020.7678 333.88 233.23 434.53 140.20
2020.7732 344.70 239.71 449.69 146.36
2020.7787 349.16 241.12 457.19 150.87
2020.7842 336.52 235.92 437.13 148.72
2020.7896 336.52 235.92 437.13 145.61
2020.7951 336.52 235.92 437.13 149.26
2020.8005 336.68 241.09 432.28 150.42
2020.8060 367.91 262.58 473.24 166.06
2020.8115 368.27 265.41 471.14 166.73
2020.8169 363.37 262.19 464.55 162.84
2020.8224 361.98 259.42 464.55 163.56
2020.8279 361.98 259.42 464.55 164.59
2020.8333 361.98 259.42 464.55 168.54
2020.8388 361.98 259.42 464.55 168.97
2020.8443 358.05 251.56 464.55 185.23
2020.8497 365.29 247.10 483.49 183.06
2020.8552 357.76 241.88 473.65 188.19
2020.8607 360.06 241.88 478.25 194.20
2020.8661 360.93 240.21 481.64 201.04
2020.8716 352.90 240.21 465.59 193.44
2020.8770 360.00 244.53 475.47 211.64
2020.8825 355.46 245.89 465.03 210.74
2020.8880 373.53 245.89 501.18 231.56
2020.8934 375.65 245.89 505.40 239.12
2020.8989 375.65 245.89 505.40 234.66
2020.9044 375.65 245.89 505.40 214.39
2020.9098 375.65 245.89 505.40 232.02
2020.9153 368.17 242.26 494.08 237.74
2020.9208 368.17 242.26 494.08 248.00
2020.9262 368.17 242.26 494.08 242.57
2020.9317 367.22 242.26 492.18 241.67
2020.9372 366.75 241.32 492.18 234.04
2020.9426 366.75 241.32 492.18 225.27
2020.9481 365.15 241.32 488.98 241.49
2020.9536 363.91 241.32 486.50 243.06
2020.9590 360.75 232.89 488.60 276.75
2020.9645 358.59 232.89 484.29 286.80
2020.9699 358.59 232.89 484.29 269.92
2020.9754 358.59 232.89 484.29 269.68
2020.9809 358.83 233.37 484.29 287.40
2020.9863 356.30 227.57 485.03 308.83
2020.9918 353.21 227.57 478.85 325.08
2020.9973 346.88 225.67 468.10 337.42
2021.0027 351.23 224.28 478.18 367.17
2021.0082 368.66 222.56 514.76 413.09
2021.0137 364.76 222.56 506.96 477.27
2021.0192 364.76 222.56 506.96 505.98
2021.0247 364.76 222.56 506.96 494.85
2021.0301 364.76 222.56 506.96 429.10
2021.0356 364.76 222.56 506.96 497.67
2021.0411 360.24 222.56 497.91 474.66
2021.0466 359.11 220.31 497.91 484.50
2021.0521 364.47 220.31 508.63 497.58
2021.0575 359.65 220.31 498.99 454.08
2021.0630 360.61 220.31 500.91 477.48
2021.0685 366.31 219.89 512.74 474.30
2021.0740 366.31 219.89 512.74 474.84
2021.0795 361.10 216.40 505.80 489.41
2021.0849 361.10 216.40 505.80 483.09
2021.0904 360.40 215.04 505.75 564.30
2021.0959 360.40 215.04 505.75 578.50
2021.1014 360.40 215.04 505.75 563.22
2021.1068 358.58 215.04 502.12 645.69
2021.1123 360.38 218.63 502.12 659.14
2021.1178 361.45 218.63 504.27 658.99
2021.1233 361.84 219.42 504.27 657.73
2021.1288 360.27 216.27 504.27 700.43
2021.1342 360.69 217.10 504.27 746.29
2021.1397 358.93 216.09 501.77 753.19
2021.1452 358.93 216.09 501.77 628.69
2021.1507 358.93 216.09 501.77 598.79
2021.1562 358.93 216.09 501.77 587.62
2021.1616 358.93 216.09 501.77 632.55
2021.1671 358.09 219.50 496.68 637.51
2021.1726 358.09 219.50 496.68 618.82
2021.1781 360.80 219.50 502.10 669.85
2021.1836 363.39 227.02 499.75 723.73
2021.1890 359.42 225.20 493.63 736.04
2021.1945 357.94 225.20 490.68 777.37
2021.2000 357.94 225.20 490.68 715.14
2021.2055 357.94 225.20 490.68 743.69
2021.2110 356.17 225.20 487.13 735.21
2021.2164 356.17 225.20 487.13 725.65
2021.2219 356.17 225.20 487.13 683.72
2021.2274 356.17 225.20 487.13 647.46
2021.2329 356.17 225.20 487.13 702.16
2021.2384 368.19 226.55 509.84 733.20
2021.2438 374.12 226.55 521.69 759.86
2021.2493 403.26 226.55 579.97 799.52
2021.2548 394.19 224.18 564.20 783.57
2021.2603 395.48 224.18 566.79 788.68
2021.2658 395.48 224.18 566.79 783.60
2021.2712 399.52 221.42 577.61 804.92
2021.2767 399.52 221.42 577.61 806.13
2021.2822 389.08 221.64 556.53 881.00
2021.2877 389.08 221.64 556.53 868.20
2021.2932 386.42 221.64 551.21 798.23
2021.2986 386.42 221.64 551.21 816.59
2021.3041 380.36 221.64 539.09 794.32
2021.3096 380.36 221.64 539.09 750.37
2021.3151 381.45 223.80 539.09 835.27
2021.3205 380.39 227.23 533.54 879.49
2021.3260 386.34 239.13 533.54 904.25
2021.3315 382.89 234.36 531.43 927.52
2021.3370 389.26 238.73 539.78 954.82
2021.3425 389.26 238.73 539.78 1022.2
2021.3479 395.77 236.78 554.77 1115.0
2021.3534 395.77 236.78 554.77 1099.3
2021.3589 395.77 236.78 554.77 1031.2
2021.3644 395.77 236.78 554.77 1079.4
2021.3699 395.77 236.78 554.77 967.38
2021.3753 395.77 236.78 554.77 905.18
2021.3808 395.77 236.78 554.77 781.49
2021.3863 395.77 236.78 554.77 674.94
2021.3918 395.77 236.78 554.77 747.31
2021.3973 395.03 235.30 554.77 792.67
2021.4027 393.80 232.83 554.77 682.89
2021.4082 393.80 232.83 554.77 678.14
2021.4137 393.80 232.83 554.77 729.55
2021.4192 394.16 237.42 550.90 787.12
2021.4247 394.16 237.42 550.90 720.06
2021.4301 394.16 237.42 550.90 699.83
2021.4356 394.16 237.42 550.90 730.25
2021.4411 394.16 237.42 550.90 684.32
2021.4466 394.38 237.86 550.90 723.83
2021.4521 392.56 242.68 542.45 738.16
2021.4575 392.56 242.68 542.45 693.13
2021.4630 392.56 242.68 542.45 637.61
2021.4685 422.11 242.68 601.54 560.41
2021.4740 411.52 242.68 580.37 589.47
2021.4795 431.93 242.68 621.19 546.53
2021.4849 422.88 242.68 603.08 599.45
2021.4904 417.72 238.71 596.73 640.58
2021.4959 420.34 238.71 601.98 613.41
2021.5014 420.34 238.71 601.98 642.85
2021.5068 422.82 238.32 607.32 630.42
2021.5123 423.66 238.32 609.00 653.02
2021.5178 423.66 238.32 609.00 622.49
2021.5233 423.66 238.32 609.00 624.41
2021.5288 423.66 238.32 609.00 577.91
2021.5342 423.66 238.32 609.00 567.98
2021.5397 423.66 238.32 609.00 562.17
2021.5452 421.96 234.85 609.06 542.81
2021.5507 415.30 236.12 594.48 583.55
2021.5562 415.30 236.12 594.48 617.44
2021.5616 415.30 236.12 594.48 641.51
2021.5671 435.15 250.71 619.59 689.84
2021.5726 436.24 250.71 621.77 708.66
2021.5781 437.85 250.71 624.98 745.33
2021.5836 439.01 250.71 627.30 742.25
2021.5890 443.36 250.71 636.01 767.29
2021.5945 459.21 257.49 660.92 819.13
2021.6000 475.97 263.51 688.42 847.64
2021.6055 496.07 274.04 718.11 883.18
2021.6110 485.45 274.68 696.22 857.87
2021.6164 506.84 265.83 747.86 915.52
2021.6219 504.58 261.31 747.86 886.33
2021.6274 504.58 261.31 747.86 854.26
2021.6329 504.58 261.31 747.86 935.31
2021.6384 504.58 261.31 747.86 926.60
2021.6438 497.72 261.31 734.13 903.44
2021.6493 497.72 261.31 734.13 883.45
2021.6548 497.72 261.31 734.13 925.14
2021.6603 491.65 258.27 725.04 908.74
2021.6658 537.12 258.27 815.97 1028.0
2021.6712 532.48 258.13 806.82 1056.1
2021.6767 533.72 258.13 809.32 1071.0
2021.6822 523.77 258.13 789.40 944.18
2021.6877 523.77 258.13 789.40 939.09
2021.6932 523.77 258.13 789.40 902.40
2021.6986 523.77 258.13 789.40 904.18
2021.7041 523.24 257.08 789.40 985.13
2021.7096 519.97 257.08 782.86 941.13
2021.7151 519.97 257.08 782.86 928.05
2021.7205 519.97 257.08 782.86 780.69
2021.7260 519.97 257.08 782.86 880.07
2021.7315 519.97 257.08 782.86 823.53
2021.7370 519.97 257.08 782.86 820.42
2021.7425 519.97 257.08 782.86 802.46
2021.7479 537.83 263.24 812.41 931.33
2021.7534 537.83 263.24 812.41 950.94
2021.7589 534.69 260.71 808.67 991.54
2021.7644 532.41 269.61 795.21 1020.7
2021.7699 532.41 269.61 795.21 1026.9
2021.7753 531.67 268.13 795.21 1038.9
2021.7808 531.67 268.13 795.21 1049.8
2021.7863 555.21 281.68 828.74 1126.8
2021.7918 550.02 274.33 825.71 1122.0
2021.7973 550.23 274.75 825.71 1146.6
2021.8027 570.31 274.75 865.88 1163.4
2021.8082 570.31 274.75 865.88 1177.5
2021.8137 571.17 274.75 867.60 1199.5
2021.8192 547.90 274.75 821.05 1113.4
2021.8247 547.90 274.75 821.05 1229.0
2021.8301 540.48 274.75 806.20 1198.9
2021.8356 541.53 276.86 806.20 1266.3
2021.8411 531.43 270.82 792.05 1243.2
2021.8466 531.43 270.82 792.05 1241.2
2021.8521 549.44 286.26 812.62 1335.6
2021.8575 533.08 283.92 782.25 1285.0
2021.8630 533.08 283.92 782.25 1286.1
2021.8685 533.08 283.92 782.25 1288.8
2021.8740 527.79 283.92 771.66 1176.5
2021.8795 527.79 283.92 771.66 1115.7
2021.8849 527.79 283.92 771.66 1209.8
2021.8904 527.79 283.92 771.66 1127.1
2021.8959 527.79 283.92 771.66 1166.0
2021.9014 525.84 280.02 771.66 1101.3
2021.9068 525.84 280.02 771.66 1171.6
2021.9123 535.50 280.02 790.97 1228.6
2021.9178 535.50 280.02 790.97 1204.5
2021.9233 535.50 280.02 790.97 1082.3
2021.9288 535.50 280.02 790.97 1132.7
2021.9342 533.09 280.02 786.16 1148.5
2021.9397 533.09 280.02 786.16 1028.5
2021.9452 533.09 280.02 786.16 1091.0
2021.9507 533.09 280.02 786.16 1030.4
2021.9562 533.09 280.02 786.16 1042.9
2021.9616 520.57 277.66 763.48 1037.6
2021.9671 520.57 277.66 763.48 1035.2
2021.9726 522.44 281.39 763.48 1053.5
2021.9781 522.44 294.00 750.88 1081.2
2021.9836 522.44 294.00 750.88 1083.9
2021.9890 544.78 303.51 786.05 1012.6
2021.9945 553.80 305.80 801.79 995.01
2022.0000 538.75 301.39 776.11 1009.5
2022.0055 525.42 296.91 753.93 1000.0
2022.0110 528.86 300.10 757.61 938.58
2022.0164 571.22 312.53 829.92 864.38
2022.0219 574.73 309.53 839.93 858.41
2022.0274 575.03 303.36 846.71 880.13
2022.0329 582.08 298.60 865.55 879.11
2022.0384 567.33 294.36 840.30 898.07
2022.0438 565.96 291.27 840.65 871.36
2022.0493 576.32 289.22 863.42 844.96
2022.0548 671.41 325.59 1017.2 716.34
2022.0603 676.21 326.22 1026.2 709.72
2022.0658 671.96 317.72 1026.2 700.34
2022.0712 671.96 317.72 1026.2 695.85
2022.0767 676.26 317.72 1034.8 734.34
2022.0822 668.52 308.64 1028.4 751.67
2022.0877 669.52 315.77 1023.3 739.38
2022.0932 667.40 304.18 1030.6 828.40
2022.0986 660.74 301.39 1020.1 845.05
2022.1041 657.30 302.37 1012.2 867.92
2022.1096 654.78 302.37 1007.2 856.03
2022.1151 648.30 300.31 996.29 819.59
2022.1205 647.53 293.82 1001.2 823.66
2022.1260 647.72 296.46 998.98 867.57
2022.1315 624.89 289.26 960.51 778.84
2022.1370 615.43 289.26 941.60 739.29
2022.1425 596.73 289.26 904.20 741.09
2022.1479 584.74 289.26 880.21 734.73
2022.1534 582.63 289.26 876.00 772.77
2022.1589 566.72 279.79 853.65 826.64
2022.1644 569.17 284.70 853.65 836.72
2022.1699 564.41 275.18 853.65 745.02
2022.1753 564.41 275.18 853.65 727.19
2022.1808 564.41 275.18 853.65 733.82
2022.1863 567.49 281.32 853.65 744.20
2022.1918 567.49 281.32 853.65 733.03
2022.1973 567.49 281.32 853.65 742.70
2022.2027 564.36 281.32 847.39 785.99
2022.2082 585.76 283.73 887.79 819.97
2022.2137 575.31 283.73 866.90 802.26
2022.2192 575.31 283.73 866.90 829.70
2022.2247 594.11 283.73 904.49 866.40
2022.2301 599.09 283.73 914.45 876.12
2022.2356 633.62 298.13 969.12 928.15
2022.2411 632.41 296.43 968.38 936.95
2022.2466 629.80 296.43 963.16 943.86
2022.2521 629.80 296.43 963.16 956.38
2022.2575 629.80 296.43 963.16 929.56
2022.2630 629.80 296.43 963.16 883.02
2022.2685 629.80 296.43 963.16 883.70
2022.2740 628.95 296.43 961.47 811.05
2022.2795 628.95 296.43 961.47 847.23
2022.2849 628.95 296.43 961.47 829.26
2022.2904 628.95 296.43 961.47 813.72
2022.2959 620.48 296.43 944.53 846.85
2022.3014 618.95 293.37 944.53 818.47
2022.3068 618.95 293.37 944.53 802.02
2022.3123 617.07 289.60 944.53 822.36
2022.3178 614.63 284.73 944.53 793.01
2022.3233 614.34 284.14 944.53 775.52
2022.3288 613.71 282.89 944.53 776.14
2022.3342 613.71 282.89 944.53 763.08
2022.3397 600.16 275.26 925.07 748.56
2022.3452 604.26 283.45 925.07 720.92
2022.3507 624.86 324.66 925.07 610.30
2022.3562 629.01 332.95 925.07 577.08
2022.3616 628.09 331.12 925.07 565.41
2022.3671 627.20 328.16 926.24 604.15
2022.3726 619.29 324.27 914.31 588.26
2022.3781 619.29 324.27 914.31 574.65
2022.3836 619.29 324.27 914.31 560.55
2022.3890 619.29 324.27 914.31 557.83
2022.3945 619.29 324.27 914.31 555.43
2022.4000 619.29 324.27 914.31 510.60
2022.4055 619.29 324.27 914.31 532.07
2022.4110 629.82 324.65 934.98 571.35
2022.4164 633.35 331.72 934.98 542.74
2022.4219 633.35 331.72 934.98 533.34
2022.4274 634.28 333.58 934.98 553.83
2022.4329 623.96 340.09 907.83 533.45
2022.4384 649.93 352.69 947.16 502.56
2022.4438 723.42 380.62 1066.2 444.36
2022.4493 807.65 431.14 1184.2 372.24
2022.4548 815.47 433.70 1197.2 335.08
2022.4603 815.47 433.70 1197.2 311.88
2022.4658 815.47 433.70 1197.2 346.92
2022.4712 815.47 433.70 1197.2 328.84
2022.4767 815.47 433.70 1197.2 368.82
2022.4822 814.82 432.41 1197.2 362.65
2022.4877 810.17 432.41 1187.9 347.64
2022.4932 810.17 432.41 1187.9 332.26
2022.4986 810.17 432.41 1187.9 326.59
2022.5041 805.54 428.89 1182.2 348.50
2022.5096 788.82 424.61 1153.0 357.23
2022.5151 784.54 416.04 1153.0 369.50
2022.5205 797.63 423.26 1172.0 356.19
2022.5260 875.62 453.34 1297.9 322.20
2022.5315 833.12 428.73 1237.5 358.66
2022.5370 897.82 409.00 1386.6 391.92
2022.5425 1007.6 398.20 1617.0 440.77
2022.5479 976.98 409.63 1544.3 435.71
2022.5534 976.98 409.63 1544.3 434.40
2022.5589 956.17 410.83 1501.5 444.87
2022.5644 959.92 418.34 1501.5 408.95
2022.5699 978.87 423.84 1533.9 476.37
2022.5753 977.98 422.06 1533.9 469.99
2022.5808 977.98 422.06 1533.9 455.56
2022.5863 977.98 422.06 1533.9 450.22
2022.5918 994.78 422.06 1567.5 474.80
2022.5973 990.74 422.06 1559.4 467.30
2022.6027 1008.2 422.06 1594.3 467.59
2022.6082 1003.1 422.06 1584.1 504.78
2022.6137 1006.0 422.06 1589.9 526.68
2022.6192 999.15 416.59 1581.7 509.21
2022.6247 999.15 416.59 1581.7 492.21
2022.6301 999.15 416.59 1581.7 434.38
2022.6356 999.15 416.59 1581.7 440.80
2022.6411 999.15 416.59 1581.7 449.24
2022.6466 999.15 416.59 1581.7 454.88
2022.6521 983.42 416.59 1550.2 407.75
2022.6575 976.73 416.59 1536.9 420.37
2022.6630 975.44 411.92 1539.0 419.05
2022.6685 974.68 410.41 1539.0 422.11
2022.6740 975.74 412.52 1539.0 423.16
2022.6795 977.80 420.85 1534.7 410.88
2022.6849 973.09 411.44 1534.7 428.24
2022.6904 981.71 433.85 1529.6 469.64
2022.6959 978.47 448.45 1508.5 464.57
2022.7014 975.90 443.30 1508.5 435.27
2022.7068 975.90 443.30 1508.5 395.86
2022.7123 975.90 443.30 1508.5 375.48
2022.7178 975.90 443.30 1508.5 369.56
2022.7233 932.87 443.30 1422.4 373.93
2022.7288 932.87 443.30 1422.4 368.84
2022.7342 927.83 443.93 1411.7 374.40
2022.7397 931.09 455.44 1406.7 375.91
2022.7452 927.57 455.44 1399.7 374.49
2022.7507 924.18 450.68 1397.7 362.59
2022.7562 912.45 446.76 1378.1 386.85
2022.7616 898.52 435.27 1361.8 382.38
2022.7671 913.17 443.06 1383.3 372.10
2022.7726 890.44 433.35 1347.5 365.52
2022.7781 881.83 432.76 1330.9 366.49
2022.7836 862.70 431.86 1293.6 366.99
2022.7890 862.70 431.86 1293.6 369.30
2022.7945 851.86 428.44 1275.3 370.64
2022.8000 849.92 424.55 1275.3 363.57
2022.8055 848.00 420.71 1275.3 370.24
2022.8110 848.31 421.62 1275.0 376.47
2022.8164 916.44 435.48 1397.4 426.29
2022.8219 895.94 425.60 1366.3 422.95
2022.8274 895.94 425.60 1366.3 429.56
2022.8329 885.18 425.60 1344.8 426.38
2022.8384 885.18 425.60 1344.8 416.02
2022.8438 897.54 436.50 1358.6 440.85
2022.8493 890.68 434.05 1347.3 425.32
2022.8548 890.68 434.05 1347.3 309.06
2022.8603 890.68 434.05 1347.3 350.25
2022.8658 890.68 434.05 1347.3 333.24
2022.8712 890.68 434.05 1347.3 342.90
2022.8767 890.68 434.05 1347.3 332.18
2022.8822 890.68 434.05 1347.3 335.27
2022.8877 890.68 434.05 1347.3 309.08
2022.8932 890.68 434.05 1347.3 328.76
2022.8986 890.68 434.05 1347.3 330.71
2022.9041 893.30 432.76 1353.8 329.15
2022.9096 893.30 432.76 1353.8 333.24
2022.9151 889.46 432.76 1346.2 347.75
2022.9205 905.93 429.47 1382.4 340.73
2022.9260 893.48 428.36 1358.6 344.67
2022.9315 891.08 431.66 1350.5 338.71
2022.9370 873.24 429.67 1316.8 346.46
2022.9425 874.63 430.00 1319.3 346.18
2022.9479 875.48 436.10 1314.9 361.28
2022.9534 877.28 439.71 1314.9 348.74
2022.9589 912.97 450.97 1375.0 330.50
2022.9644 921.89 448.37 1395.4 324.68
2022.9699 897.61 448.37 1346.8 335.53
2022.9753 893.26 446.23 1340.3 336.32
2022.9808 893.34 444.83 1341.8 336.40
2022.9863 896.15 443.09 1349.2 334.25
2022.9918 900.79 440.69 1360.9 331.78
2022.9973 902.88 440.26 1365.5 330.29
2023.0027 899.30 440.26 1358.3 334.50
2023.0082 916.39 438.27 1394.5 343.37
2023.0137 924.78 441.46 1408.1 346.27
2023.0192 935.40 439.36 1431.4 351.21
2023.0247 961.39 440.88 1481.9 361.61
2023.0301 991.48 474.44 1508.5 385.91
2023.0356 1041.2 527.49 1555.0 424.73
2023.0411 1030.0 530.27 1529.8 431.16
2023.0466 1017.9 526.03 1509.7 415.82
2023.0521 1017.9 526.03 1509.7 456.27
2023.0575 992.17 514.79 1469.6 451.02
2023.0630 992.17 514.79 1469.6 437.75
2023.0685 993.07 516.58 1469.6 448.43
2023.0740 989.27 508.98 1469.6 443.44
2023.0795 979.17 508.98 1449.4 440.95
2023.0849 979.17 508.98 1449.4 460.80
2023.0904 979.17 508.98 1449.4 462.54
2023.0959 972.08 508.98 1435.2 452.87
2023.1014 972.08 508.98 1435.2 462.58
2023.1068 972.08 508.98 1435.2 429.92
2023.1123 972.08 508.98 1435.2 429.17
2023.1178 972.08 508.98 1435.2 422.70
2023.1233 1045.0 544.51 1545.5 470.96
2023.1288 1037.3 528.55 1546.0 476.10
2023.1342 1024.9 528.55 1521.2 471.57
2023.1397 1025.0 528.78 1521.2 469.11
2023.1452 1025.0 528.78 1521.2 463.83
2023.1507 1025.0 528.78 1521.2 448.35
2023.1562 1024.1 526.95 1521.2 457.62
2023.1616 1012.3 524.48 1500.2 464.27
2023.1671 1012.3 524.48 1500.2 438.17
2023.1726 1011.7 523.28 1500.2 437.79
2023.1781 1011.7 523.28 1500.2 435.70
2023.1836 1011.7 523.28 1500.2 400.50
2023.1890 1011.7 523.28 1500.2 408.44
2023.1945 1017.4 574.76 1460.1 469.83
2023.2000 1003.3 578.53 1428.1 466.79
2023.2055 1040.1 652.11 1428.1 513.61
2023.2110 1040.4 666.08 1414.7 516.28
2023.2164 1032.4 650.21 1414.7 520.91
2023.2219 1032.4 650.21 1414.7 524.22
2023.2274 1032.4 650.21 1414.7 505.43
2023.2329 1032.4 650.21 1414.7 498.15
2023.2384 1028.3 650.21 1406.4 520.61
2023.2438 1021.9 646.38 1397.5 526.54
2023.2493 1012.0 646.38 1377.7 519.67
2023.2548 1012.0 646.38 1377.7 533.09
2023.2603 1012.0 646.38 1377.7 532.55
2023.2658 1012.0 646.38 1377.7 527.78
2023.2712 1036.5 675.97 1397.0 550.67
2023.2767 1027.7 679.63 1375.8 553.74
2023.2822 1081.2 679.63 1482.8 590.42
2023.2877 1086.2 676.36 1496.0 592.55
2023.2932 1079.9 676.36 1483.5 590.31
2023.2986 1079.9 676.36 1483.5 546.42
2023.3041 1079.9 676.36 1483.5 531.20
2023.3096 1079.9 676.36 1483.5 523.28
2023.3151 1065.6 667.38 1463.9 534.10
2023.3205 1056.5 649.06 1463.9 544.98
2023.3260 1048.9 644.69 1453.2 540.58
2023.3315 1048.9 644.69 1453.2 536.62
2023.3370 1048.9 644.69 1453.2 539.08
2023.3425 1034.6 630.20 1438.9 542.93
2023.3479 1034.6 630.20 1438.9 525.57
2023.3534 1034.6 630.20 1438.9 523.86
2023.3589 1034.6 630.20 1438.9 512.18
2023.3644 1034.6 630.20 1438.9 511.58
2023.3699 1020.9 617.83 1423.9 516.76
2023.3753 1014.9 605.93 1423.9 511.00
2023.3808 1014.9 605.93 1423.9 516.47
2023.3863 1010.2 605.93 1414.4 514.26
2023.3918 1010.6 617.02 1404.2 507.37
2023.3973 1007.2 610.19 1404.2 515.13
2023.4027 1045.2 633.91 1456.5 539.14
2023.4082 1040.7 631.07 1450.4 535.10
2023.4137 1031.4 634.83 1427.9 521.94
2023.4192 1028.6 629.27 1427.9 529.10
2023.4247 1037.4 646.90 1427.9 505.08
2023.4301 1025.8 623.75 1427.9 513.26
2023.4356 1025.6 623.21 1427.9 515.69
2023.4411 1042.1 630.83 1453.3 496.26
2023.4466 1038.5 630.83 1446.2 493.96
2023.4521 1052.3 642.10 1462.5 478.39
2023.4575 1033.1 639.87 1426.4 495.85
2023.4630 1021.9 631.37 1412.4 499.90
2023.4685 1096.5 699.61 1493.5 549.47
2023.4740 1077.4 693.40 1461.5 555.13
2023.4795 1077.4 693.40 1461.5 554.53
2023.4849 1073.2 693.40 1452.9 554.45
2023.4904 1068.1 693.40 1442.8 545.97
2023.4959 1064.2 685.61 1442.8 559.91
2023.5014 1066.7 690.49 1442.8 569.46
2023.5068 1062.1 681.28 1442.8 556.75
2023.5123 1059.7 676.56 1442.8 548.65
2023.5178 1059.7 676.56 1442.8 545.92
2023.5233 1051.4 671.33 1431.5 551.91
2023.5288 1094.9 680.53 1509.4 580.39
2023.5342 1057.4 661.75 1453.1 559.07
2023.5397 1057.4 661.75 1453.1 554.43
2023.5452 1057.4 661.75 1453.1 548.74
2023.5507 1057.4 661.75 1453.1 549.22
2023.5562 1056.1 659.15 1453.1 549.94
2023.5616 1056.1 659.15 1453.1 538.29
2023.5671 1056.1 659.15 1453.1 538.90
2023.5726 1054.4 655.74 1453.1 543.31
2023.5781 1054.4 655.74 1453.1 538.07
2023.5836 1051.5 649.96 1453.1 534.71
2023.5890 1051.5 649.96 1453.1 532.37
2023.5945 1051.5 649.96 1453.1 532.13
2023.6000 1046.2 649.96 1442.4 541.90
2023.6055 1046.2 649.96 1442.4 538.79
2023.6110 1046.2 649.96 1442.4 538.28
2023.6164 1044.5 646.63 1442.4 537.44
2023.6219 1044.5 646.63 1442.4 525.71
2023.6274 1090.0 685.57 1494.5 480.84
2023.6329 1079.1 682.34 1476.0 486.05
2023.6384 1052.2 673.04 1431.3 476.05
2023.6438 1052.2 673.04 1431.3 481.60
2023.6493 1049.8 667.86 1431.8 477.95
2023.6548 1046.2 663.69 1428.8 479.70
2023.6603 1046.2 663.69 1428.8 497.50
2023.6658 1069.9 663.69 1476.1 473.27
2023.6712 1067.1 663.69 1470.4 475.69
2023.6767 1064.3 663.69 1464.8 474.11
2023.6822 1064.3 663.69 1464.8 479.83
2023.6877 1055.6 659.04 1452.2 475.13
2023.6932 1092.9 662.95 1522.8 454.96
2023.6986 1082.6 656.54 1508.7 472.50
2023.7041 1078.8 655.10 1502.5 481.20
2023.7096 1075.8 655.10 1496.5 477.34
2023.7151 1074.8 653.07 1496.5 485.85
2023.7205 1078.2 653.07 1503.3 470.70
2023.7260 1073.5 653.07 1493.9 472.60
2023.7315 1070.8 649.42 1492.2 469.58
2023.7370 1060.7 649.42 1471.9 471.87
2023.7425 1061.8 649.42 1474.2 488.01
2023.7479 1067.8 649.48 1486.2 507.52
2023.7534 1068.6 650.95 1486.2 489.87
2023.7589 1068.6 650.95 1486.2 481.73
2023.7644 1062.6 650.95 1474.2 489.55
2023.7699 1068.0 650.95 1485.0 477.36
2023.7753 1074.1 650.95 1497.3 469.88
2023.7808 1077.3 650.95 1503.6 467.22
2023.7863 1079.3 655.07 1503.6 470.40
2023.7918 1088.2 695.54 1480.8 480.48
2023.7973 1079.6 695.54 1463.6 483.07
2023.8027 1079.2 702.35 1456.2 502.66
2023.8082 1114.8 683.86 1545.7 549.34
2023.8137 1124.7 683.86 1565.5 563.34
2023.8192 1124.7 683.86 1565.5 557.74
2023.8247 1125.0 684.64 1565.5 565.04
2023.8301 1115.4 681.96 1548.8 569.39
2023.8356 1101.2 678.12 1524.3 568.89
2023.8411 1101.2 678.12 1524.3 579.68
2023.8466 1093.2 678.12 1508.3 587.44
2023.8521 1091.0 675.83 1506.1 589.42
2023.8575 1169.8 682.24 1657.4 635.07
2023.8630 1156.6 682.24 1631.1 627.54
2023.8685 1163.4 682.24 1644.6 605.09
2023.8740 1158.5 682.24 1634.9 606.24
2023.8795 1158.5 682.24 1634.9 609.42
2023.8849 1150.7 678.84 1622.5 626.21
2023.8904 1150.7 678.84 1622.5 633.24
2023.8959 1149.1 675.59 1622.5 638.66
2023.9014 1147.4 675.59 1619.3 633.34
2023.9068 1147.4 675.59 1619.3 633.52
2023.9123 1147.4 675.59 1619.3 633.34
2023.9178 1149.9 675.59 1624.1 665.88
2023.9233 1141.6 668.14 1615.0 697.75
2023.9288 1154.6 678.09 1631.1 708.53
2023.9342 1154.6 678.09 1631.1 733.97
2023.9397 1141.3 678.09 1604.4 729.95
2023.9452 1141.3 678.09 1604.4 686.90
2023.9507 1137.5 678.09 1596.9 717.98
2023.9562 1137.5 678.09 1596.9 697.05
2023.9616 1137.5 678.09 1596.9 698.23
2023.9671 1135.7 674.48 1596.9 702.40
2023.9726 1125.8 674.48 1577.1 726.54
2023.9781 1125.8 674.48 1577.1 708.89
2023.9836 1125.8 674.48 1577.1 699.27
2023.9890 1106.3 671.47 1541.2 719.91
2023.9945 1106.3 671.47 1541.2 707.49
2024.0000 1111.6 687.94 1535.2 732.74
2024.0055 1111.0 697.02 1525.1 698.04
2024.0109 1111.0 697.02 1525.1 717.93
2024.0164 1110.3 695.49 1525.1 707.80
2024.0219 1144.5 713.70 1575.3 745.17
2024.0273 1173.1 713.70 1632.5 795.48
2024.0328 1173.1 713.70 1632.5 763.35
2024.0383 1173.1 713.70 1632.5 749.06
2024.0437 1173.1 713.70 1632.5 754.07
2024.0492 1173.1 713.70 1632.5 739.38
2024.0546 1173.1 713.70 1632.5 732.68
2024.0601 1173.1 713.70 1632.5 682.53
2024.0656 1173.1 713.70 1632.5 678.61
2024.0710 1175.4 718.21 1632.5 703.10
2024.0765 1169.8 721.74 1617.8 720.34
2024.0820 1164.0 718.74 1609.2 708.89
2024.0874 1157.0 718.74 1595.2 717.95
2024.0929 1157.0 718.74 1595.2 710.16
2024.0984 1157.7 712.12 1603.4 728.60
2024.1038 1185.8 736.47 1635.1 752.67
2024.1093 1233.1 776.64 1689.6 784.61
2024.1148 1304.8 811.89 1797.6 828.43
2024.1202 1344.8 814.30 1875.3 862.42
2024.1257 1354.6 819.28 1889.8 869.47
2024.1311 1343.0 795.35 1890.7 883.36
2024.1366 1333.8 783.39 1884.2 908.13
2024.1421 1333.8 783.39 1884.2 893.14
2024.1475 1331.3 783.26 1879.4 899.11
2024.1530 1378.7 820.75 1936.6 952.78
2024.1585 1502.0 941.04 2063.0 1046.5
2024.1639 1516.9 940.02 2093.7 1055.0
2024.1694 1510.6 950.53 2070.7 1069.6
2024.1749 1558.6 983.50 2133.8 1086.0
2024.1803 1558.6 983.50 2133.8 1164.4
2024.1858 1558.6 983.50 2133.8 1181.7
2024.1913 1561.1 988.44 2133.8 1236.1
2024.1967 1561.1 988.44 2133.8 1232.6
2024.2022 1561.1 988.44 2133.8 1160.2
2024.2077 1561.1 988.44 2133.8 1134.6
2024.2131 1561.1 988.44 2133.8 1002.2
2024.2186 1561.1 988.44 2133.8 1087.2
2024.2240 1561.1 988.44 2133.8 1047.6
2024.2295 1598.8 1022.4 2175.1 1136.0
2024.2350 1596.2 1017.2 2175.1 1116.7
2024.2404 1596.2 1017.2 2175.1 1121.7
2024.2459 1596.2 1017.2 2175.1 1155.6
2024.2514 1596.2 1017.2 2175.1 1049.1
2024.2568 1596.2 1017.2 2175.1 1079.5
2024.2623 1592.6 1010.1 2175.1 1086.5
2024.2678 1626.8 1016.3 2237.4 1166.7
2024.2732 1627.8 1018.2 2237.4 1133.2
2024.2787 1625.0 1012.5 2237.4 1053.7
2024.2842 1625.0 1012.5 2237.4 1029.1
2024.2896 1625.0 1012.5 2237.4 1002.8
2024.2951 1625.0 1012.5 2237.4 997.03
2024.3005 1625.0 1012.5 2237.4 1023.8
2024.3060 1623.0 1008.7 2237.4 1045.0
2024.3115 1617.8 1008.7 2226.8 1015.9
2024.3169 1617.8 1008.7 2226.8 1010.6
2024.3224 1611.4 1008.7 2214.1 1029.4
2024.3279 1604.6 1008.7 2200.5 967.54
2024.3333 1604.6 1008.7 2200.5 951.67
2024.3388 1597.9 1008.7 2187.2 1009.2
2024.3443 1590.5 1004.6 2176.4 994.21
2024.3497 1590.5 1004.6 2176.4 964.37
2024.3552 1590.5 1004.6 2176.4 950.20
2024.3607 1590.5 1004.6 2176.4 958.40
2024.3661 1590.5 1004.6 2176.4 950.56
2024.3716 1590.5 1004.6 2176.4 988.14
2024.3770 1571.5 1001.4 2141.5 1031.8
2024.3825 1617.8 1014.3 2221.2 1159.4
2024.3880 1629.5 1010.5 2248.4 1156.6
2024.3934 1624.1 1010.5 2237.8 1150.8
2024.3989 1619.0 1010.5 2227.4 1167.9
2024.4044 1599.2 1010.5 2187.9 1170.0
2024.4098 1599.2 1010.5 2187.9 1152.8
2024.4153 1599.2 1010.5 2187.9 1160.5
2024.4208 1589.3 999.12 2179.5 1159.5
2024.4262 1578.6 995.94 2161.2 1193.6
2024.4317 1578.6 995.94 2161.2 1147.5
2024.4372 1578.6 995.94 2161.2 1154.7
2024.4426 1578.6 995.94 2161.2 1101.0
2024.4481 1578.6 995.94 2161.2 1091.9
2024.4536 1578.6 995.94 2161.2 1105.6
2024.4590 1567.6 995.94 2139.3 1097.6
2024.4645 1567.6 995.94 2139.3 1095.4
2024.4699 1567.6 995.94 2139.3 1081.9
2024.4754 1567.6 995.94 2139.3 1057.8
2024.4809 1567.6 995.94 2139.3 1043.5
2024.4863 1567.6 995.94 2139.3 1052.1
2024.4918 1567.6 995.94 2139.3 1034.1
2024.4973 1564.5 989.79 2139.3 1059.3
2024.5027 1573.4 1007.6 2139.3 1014.1
2024.5082 1612.2 1085.0 2139.3 933.31
2024.5137 1615.8 1092.3 2139.3 918.56
2024.5191 1601.9 1064.5 2139.3 958.37
2024.5246 1601.9 1064.5 2139.3 959.34
2024.5301 1589.3 1061.9 2116.8 986.29
2024.5355 1585.5 1051.4 2119.6 1080.4
2024.5410 1573.3 1051.4 2095.1 1058.5
2024.5464 1569.1 1051.4 2086.8 1097.8
2024.5519 1559.9 1041.4 2078.4 1113.9
2024.5574 1559.9 1041.4 2078.4 1088.6
2024.5628 1559.9 1041.4 2078.4 1033.0
2024.5683 1556.0 1033.6 2078.4 1061.0
2024.5738 1551.0 1033.6 2068.4 1065.3
2024.5792 1546.0 1033.6 2058.3 1034.8
2024.5847 1546.0 1033.6 2058.3 968.82
2024.5902 1546.0 1033.6 2058.3 892.03
2024.5956 1568.8 1079.3 2058.3 836.71
2024.6011 1626.4 1120.0 2132.8 916.24
2024.6066 1614.4 1117.3 2111.4 898.02
2024.6120 1608.2 1117.3 2099.0 906.66
2024.6175 1608.2 1117.3 2099.0 891.11
2024.6230 1608.2 1117.3 2099.0 880.22
2024.6284 1604.7 1117.3 2092.1 880.44
2024.6339 1607.9 1122.8 2093.0 877.60
2024.6393 1612.2 1131.4 2093.0 896.27
2024.6448 1623.3 1145.9 2100.7 949.06
2024.6503 1623.3 1145.9 2100.7 924.09
2024.6557 1623.3 1145.9 2100.7 869.85
2024.6612 1623.3 1145.9 2100.7 870.00
2024.6667 1623.3 1145.9 2100.7 839.34
2024.6721 1616.5 1141.4 2091.5 840.57
2024.6776 1616.5 1141.4 2091.5 821.02
2024.6831 1616.5 1141.4 2091.5 789.77
2024.6885 1627.6 1163.8 2091.5 825.78
2024.6940 1618.2 1163.8 2072.6 824.43
2024.6995 1629.8 1187.0 2072.6 864.78
2024.7049 1619.9 1167.2 2072.6 832.83
2024.7104 1619.9 1167.2 2072.6 845.85
2024.7158 1619.9 1167.2 2072.6 886.47
2024.7213 1615.7 1167.2 2064.3 915.64
2024.7268 1610.5 1167.2 2053.8 921.51
2024.7322 1604.3 1154.9 2053.8 908.33
2024.7377 1601.4 1148.9 2053.8 947.44
2024.7432 1598.7 1143.5 2053.8 939.62
2024.7486 1598.7 1143.5 2053.8 868.18
2024.7541 1598.7 1143.5 2053.8 850.32
2024.7596 1598.7 1143.5 2053.8 871.24
2024.7650 1575.2 1116.6 2033.8 873.73
2024.7705 1551.3 1116.6 1986.0 852.84
2024.7760 1542.2 1116.6 1967.9 878.43
2024.7814 1542.2 1116.6 1967.9 886.48
2024.7869 1609.1 1182.2 2036.0 941.10
2024.7923 1612.1 1188.1 2036.0 943.17
2024.7978 1620.6 1205.1 2036.0 957.59
2024.8033 1633.4 1210.6 2056.3 953.62
2024.8087 1633.4 1210.6 2056.3 923.11
2024.8142 1627.8 1199.4 2056.3 908.02
2024.8197 1627.8 1199.4 2056.3 929.65
2024.8251 1688.8 1276.0 2101.7 987.06
2024.8306 1651.2 1249.5 2052.9 947.91
2024.8361 1651.2 1249.5 2052.9 937.16
2024.8415 1651.2 1249.5 2052.9 909.32
2024.8470 1751.8 1304.8 2198.8 1022.5
2024.8525 1856.7 1320.7 2392.7 1071.7
2024.8579 1979.5 1387.4 2571.6 1138.6
2024.8634 2068.4 1488.6 2648.1 1203.6
2024.8689 2068.4 1488.6 2648.1 1165.7
2024.8743 2068.4 1488.6 2648.1 1202.2
2024.8798 2069.1 1490.0 2648.1 1214.9
2024.8852 2069.1 1490.0 2648.1 1217.9
2024.8907 2041.9 1480.8 2603.1 1296.8
2024.8962 2041.9 1480.8 2603.1 1295.5
2024.9016 2062.2 1480.8 2643.6 1245.7
2024.9071 2062.2 1480.8 2643.6 1317.5
2024.9126 2045.6 1473.7 2617.6 1345.2
2024.9180 2034.9 1452.2 2617.6 1330.4
2024.9235 2024.0 1452.2 2595.9 1385.7
2024.9290 2030.6 1465.3 2595.9 1422.3
2024.9344 2024.9 1464.6 2585.1 1432.5
2024.9399 2018.9 1452.6 2585.1 1333.3
2024.9454 2018.9 1452.6 2585.1 1402.7
2024.9508 2018.9 1452.6 2585.1 1410.0
2024.9563 2012.7 1436.8 2588.6 1464.1
2024.9617 2012.7 1436.8 2588.6 1358.0
2024.9672 2012.7 1436.8 2588.6 1313.5
2024.9727 2012.7 1436.8 2588.6 1260.7
2024.9781 2012.7 1436.8 2588.6 1323.2
2024.9836 2012.7 1436.8 2588.6 1274.3
2024.9891 2012.7 1436.8 2588.6 1282.7
2024.9945 2012.7 1436.8 2588.6 1257.3
2025.0000 2012.7 1436.8 2588.6 1269.6
2025.0055 1989.2 1419.8 2558.5 1340.5
2025.0110 1989.2 1419.8 2558.5 1346.6
2025.0164 1971.1 1419.8 2522.4 1291.5
2025.0219 1971.1 1419.8 2522.4 1231.4
2025.0274 1971.1 1419.8 2522.4 1257.1
2025.0329 1945.8 1399.5 2492.1 1230.8
2025.0384 1945.8 1399.5 2492.1 1329.4
2025.0438 1952.2 1433.8 2470.6 1359.1
2025.0493 1946.0 1421.4 2470.6 1292.6
2025.0548 1929.6 1388.6 2470.6 1347.6
2025.0603 1923.9 1377.2 2470.6 1333.7
2025.0658 1916.9 1377.2 2456.6 1335.9
2025.0712 1916.9 1377.2 2456.6 1292.9
2025.0767 1916.9 1377.2 2456.6 1292.5
2025.0822 1908.7 1377.2 2440.2 1316.2
2025.0877 1908.7 1377.2 2440.2 1205.8
2025.0932 1908.7 1377.2 2440.2 1182.0
2025.0986 1908.7 1377.2 2440.2 1165.5
2025.1041 1908.7 1377.2 2440.2 1155.1
2025.1096 1902.8 1365.4 2440.2 1167.3
2025.1151 1839.5 1357.2 2321.9 1184.0
2025.1205 1817.9 1343.3 2292.6 1179.2
2025.1260 1819.2 1345.8 2292.6 1157.8
2025.1315 1808.5 1335.0 2282.1 1156.0
2025.1370 1808.5 1335.0 2282.1 1187.2
2025.1425 1801.9 1335.0 2268.9 1179.1
2025.1479 1894.7 1335.0 2454.3 1098.9
2025.1534 1975.8 1350.6 2601.1 1014.1
2025.1589 2014.7 1346.5 2682.9 998.37
2025.1644 2027.6 1385.2 2670.0 1119.1
2025.1699 2005.0 1340.1 2670.0 1007.4
2025.1753 2005.0 1340.1 2670.0 1032.0
2025.1808 2005.0 1340.1 2670.0 1005.7
2025.1863 2005.0 1340.1 2670.0 891.15
2025.1918 2005.0 1340.1 2670.0 934.85
2025.1973 2003.1 1336.2 2670.0 937.99
2025.2027 2003.1 1336.2 2670.0 923.50
2025.2082 2003.1 1336.2 2670.0 932.55
2025.2137 1993.6 1328.4 2658.9 952.12
2025.2192 1993.6 1328.4 2658.9 949.18
2025.2247 2017.3 1324.4 2710.1 993.32
2025.2301 2017.3 1324.4 2710.1 976.32
2025.2356 2017.3 1324.4 2710.1 938.25
2025.2411 2017.3 1324.4 2710.1 908.02
2025.2466 2017.4 1324.4 2710.3 945.32
2025.2521 1999.7 1340.9 2658.6 915.21
2025.2575 1969.4 1335.0 2603.7 915.89
2025.2630 2059.6 1379.4 2739.9 839.73
2025.2685 2045.2 1350.5 2739.9 885.14
2025.2740 2040.7 1341.4 2739.9 872.52
2025.2795 2040.7 1341.4 2739.9 880.35
2025.2849 2033.2 1341.4 2725.0 878.57
2025.2904 2033.2 1341.4 2725.0 886.69
2025.2959 2033.2 1341.4 2725.0 892.77
2025.3014 2048.5 1347.7 2749.4 904.14
2025.3068 2072.2 1352.5 2791.9 986.79
2025.3123 2060.0 1343.5 2776.6 992.02
2025.3178 2060.0 1343.5 2776.6 986.39
2025.3233 2060.0 1343.5 2776.6 991.23
2025.3288 2057.8 1345.7 2769.9 1014.4
2025.3342 2039.0 1337.0 2741.0 1009.2
2025.3397 2037.2 1333.5 2741.0 998.34
2025.3452 2032.7 1324.4 2741.0 1013.3
2025.3507 2378.4 1353.9 3402.9 1150.5
2025.3562 2508.9 1368.9 3649.0 1188.7
2025.3616 2485.6 1352.7 3618.4 1218.1
2025.3671 2468.4 1352.7 3584.0 1192.4
2025.3726 2468.4 1352.7 3584.0 1174.7
2025.3781 2457.9 1331.7 3584.0 1201.8
2025.3836 2450.1 1316.2 3584.0 1234.8
2025.3890 2450.1 1316.2 3584.0 1213.6
2025.3945 2450.1 1316.2 3584.0 1230.4
2025.4000 2431.2 1304.8 3557.6 1249.3
2025.4055 2452.9 1304.8 3600.9 1219.8
2025.4110 2452.9 1304.8 3600.9 1194.8
2025.4164 2452.9 1304.8 3600.9 1217.9
2025.4219 2448.3 1295.8 3600.9 1209.7
2025.4274 2448.3 1295.8 3600.9 1183.8
2025.4329 2448.3 1295.8 3600.9 1199.7
2025.4384 2678.6 1323.4 4033.7 1286.3
2025.4438 2560.0 1323.4 3796.5 1222.9
2025.4493 2560.0 1323.4 3796.5 1201.1
2025.4548 2532.9 1323.4 3742.4 1213.2
2025.4603 2532.9 1323.4 3742.4 1196.2
2025.4658 2532.9 1323.4 3742.4 1163.7
2025.4712 2532.9 1323.4 3742.4 1115.6
2025.4767 2537.3 1332.3 3742.4 1191.2
2025.4822 2534.4 1343.2 3725.6 1191.7
2025.4877 2536.6 1347.5 3725.6 1197.6
2025.4932 2539.1 1352.6 3725.6 1205.3
2025.4986 2564.3 1352.6 3776.0 1232.5
2025.5041 2570.0 1352.6 3787.3 1215.4
2025.5096 2570.0 1352.6 3787.3 1235.0
2025.5151 2570.1 1352.6 3787.7 1240.9
2025.5205 2834.9 1395.2 4274.6 1351.1
2025.5260 2837.7 1412.5 4262.9 1359.9
2025.5315 2903.2 1441.5 4364.9 1389.6
2025.5370 2933.5 1423.4 4443.7 1444.9
2025.5425 2978.0 1423.4 4532.7 1471.1
2025.5479 3112.1 1423.4 4800.9 1503.5
2025.5534 3041.6 1423.4 4659.8 1520.7
2025.5589 3041.6 1423.4 4659.8 1501.9
2025.5644 3041.6 1423.4 4659.8 1505.2
2025.5699 3010.6 1414.8 4606.3 1516.1
2025.5753 2971.0 1414.8 4527.1 1516.5
2025.5808 2971.0 1414.8 4527.1 1426.7
2025.5863 2971.0 1414.8 4527.1 1435.2
2025.5918 2971.0 1414.8 4527.1 1455.0
2025.5973 3027.6 1393.9 4661.3 1532.1
2025.6027 3236.5 1393.9 5079.1 1587.1
2025.6082 3188.5 1379.3 4997.8 1596.2
2025.6137 3405.3 1427.6 5382.9 1722.8
2025.6192 3199.9 1368.1 5031.6 1625.6
2025.6247 3175.3 1368.1 4982.5 1631.8
2025.6301 3175.3 1368.1 4982.5 1528.4
2025.6356 3175.3 1368.1 4982.5 1552.1
2025.6411 3156.4 1368.1 4944.7 1671.2
2025.6466 3156.4 1368.1 4944.7 1562.3
2025.6521 3156.4 1368.1 4944.7 1593.6
2025.6575 3156.4 1368.1 4944.7 1546.8
2025.6630 3156.4 1368.1 4944.7 1551.8
2025.6685 3156.4 1368.1 4944.7 1561.3
2025.6740 3144.9 1345.1 4944.7 1552.7
2025.6795 3137.3 1354.1 4920.4 1544.6
2025.6849 3101.9 1333.7 4870.2 1563.9
2025.6904 3084.5 1312.7 4856.2 1585.0
2025.6959 3201.3 1328.9 5073.8 1664.5
2025.7014 3140.0 1322.2 4957.8 1639.9
2025.7068 3088.4 1322.2 4854.5 1632.3
2025.7123 3088.4 1322.2 4854.5 1649.7
2025.7178 3088.4 1322.2 4854.5 1620.9
2025.7233 3088.4 1322.2 4854.5 1549.4
2025.7288 3088.4 1322.2 4854.5 1545.4
2025.7342 3085.1 1315.7 4854.5 1498.0
2025.7397 3084.1 1313.7 4854.5 1535.4
2025.7452 3066.0 1335.5 4796.4 1549.2
2025.7507 3222.6 1412.2 5033.0 1656.1
2025.7562 3234.9 1433.7 5036.2 1669.7
2025.7616 3341.5 1425.8 5257.2 1721.0
2025.7671 3324.1 1425.8 5222.3 1683.0
2025.7726 3324.1 1425.8 5222.3 1485.6
2025.7781 3324.1 1425.8 5222.3 1557.8
2025.7836 3324.1 1425.8 5222.3 1538.6
2025.7890 3324.1 1425.8 5222.3 1463.0
2025.7945 3324.1 1425.8 5222.3 1455.0
2025.8000 3324.0 1425.6 5222.3 1494.9
2025.8055 3329.7 1426.2 5233.2 1442.8
2025.8110 3320.1 1426.2 5213.9 1490.3
2025.8164 3328.9 1426.5 5231.3 1555.1
2025.8219 3327.4 1423.5 5231.3 1511.6
2025.8274 3327.4 1423.5 5231.3 1447.8
2025.8329 3317.1 1403.0 5231.3 1472.4
2025.8384 3372.9 1415.0 5330.9 1399.5
2025.8438 3473.1 1449.5 5496.7 1348.5
2025.8493 3560.9 1480.0 5641.9 1346.4
2025.8548 3514.8 1474.0 5555.7 1382.7
2025.8603 3499.4 1469.0 5529.9 1341.3
2025.8658 3499.4 1469.0 5529.9 1284.0
2025.8712 3499.4 1469.0 5529.9 1243.6
2025.8767 3499.4 1469.0 5529.9 1194.9
2025.8822 3499.4 1469.0 5529.9 1189.3
2025.8877 3499.4 1469.0 5529.9 1097.5
2025.8932 3499.4 1469.0 5529.9 1116.4
2025.8986 3459.1 1469.0 5449.2 1148.1
2025.9041 3459.1 1469.0 5449.2 1186.4
2025.9096 3451.1 1452.9 5449.2 1178.3
2025.9151 3534.4 1452.9 5615.8 1112.2
2025.9205 3321.1 1452.9 5189.2 1232.5
2025.9260 3321.1 1452.9 5189.2 1173.5
2025.9315 3321.1 1452.9 5189.2 1187.8
2025.9370 3415.8 1472.8 5358.9 1250.0
2025.9425 3399.0 1463.6 5334.4 1234.5
2025.9479 3366.8 1456.0 5277.7 1196.5
2025.9534 3490.8 1456.0 5525.5 1142.5
2025.9589 3464.0 1456.0 5472.0 1117.7
2025.9644 3445.6 1456.0 5435.2 1157.1
2025.9699 3445.6 1456.0 5435.2 1164.9
2025.9753 3400.4 1428.0 5372.9 1149.7
2025.9808 3392.6 1424.6 5360.5 1137.1
2025.9863 3332.2 1409.4 5255.1 1149.6
2025.9918 3277.8 1390.9 5164.7 1142.7
2025.9973 3266.5 1379.2 5153.8 1151.4
2026.0027 3328.8 1371.1 5286.6 1196.2
2026.0082 3341.1 1363.0 5319.2 1210.7
2026.0137 3379.2 1354.1 5404.3 1253.5
2026.0192 3379.2 1354.1 5404.3 1200.6
2026.0247 3379.2 1354.1 5404.3 1192.4
2026.0301 3364.2 1354.1 5374.2 1199.8
2026.0356 3364.2 1354.1 5374.2 1286.8
2026.0411 3364.2 1354.1 5374.2 1266.3
2026.0466 3343.8 1354.1 5333.5 1250.7
2026.0521 3343.8 1354.1 5333.5 1151.6
2026.0575 3343.8 1354.1 5333.5 1162.1
2026.0630 3343.8 1354.1 5333.5 1159.5
2026.0685 3343.8 1354.1 5333.5 1149.4
2026.0740 3343.8 1354.1 5333.5 1170.3
2026.0795 3520.2 1396.2 5644.3 1080.5
2026.0849 3982.1 1509.1 6455.0 951.19
2026.0904 4025.4 1528.2 6522.6 935.99
2026.0959 4502.9 1728.8 7277.1 772.01
2026.1014 4201.8 1609.1 6794.5 864.22
2026.1068 4124.1 1609.1 6639.1 873.45
2026.1123 4124.1 1609.1 6639.1 822.67
2026.1178 4124.1 1609.1 6639.1 854.31
2026.1233 4109.9 1601.9 6617.9 839.57
2026.1288 4109.9 1601.9 6617.9 834.59
2026.1342 4109.9 1601.9 6617.9 823.50
2026.1397 4109.9 1601.9 6617.9 834.89
2026.1452 4109.9 1601.9 6617.9 790.32
2026.1507 4109.9 1601.9 6617.9 850.04
2026.1562 4109.9 1601.9 6617.9 812.21
2026.1616 4109.9 1601.9 6617.9 813.27
2026.1671 4097.5 1642.6 6552.4 839.20
2026.1726 4086.2 1635.3 6537.1 873.45
2026.1781 4086.2 1635.3 6537.1 829.26
2026.1836 4053.9 1635.3 6472.6 841.85
2026.1890 4018.6 1614.9 6422.4 864.75
2026.1945 3999.8 1622.8 6376.8 877.26
2026.2000 4008.2 1621.6 6394.9 905.97
2026.2055 4059.5 1593.4 6525.6 938.50
2026.2110 4059.5 1593.4 6525.6 878.04
2026.2164 4059.5 1593.4 6525.6 861.43
2026.2219 4059.5 1593.4 6525.6 887.42
2026.2274 4059.5 1593.4 6525.6 893.42
2026.2329 4059.5 1593.4 6525.6 826.89
2026.2384 3957.4 1593.4 6321.5 822.56
2026.2438 3899.4 1582.2 6216.7 860.13
2026.2493 3899.4 1582.2 6216.7 842.12
2026.2548 3899.4 1582.2 6216.7 846.45
2026.2603 3958.4 1599.2 6317.6 865.01
2026.2658 4000.7 1645.2 6356.2 895.78
2026.2712 4000.7 1645.2 6356.2 918.89
2026.2767 4000.7 1645.2 6356.2 893.48
2026.2822 4039.1 1650.0 6428.2 941.22
2026.2877 4018.0 1650.0 6386.1 952.87
2026.2932 4008.2 1630.4 6386.1 957.24
2026.2986 4008.2 1630.4 6386.1 951.71
2026.3041 4024.9 1663.7 6386.1 979.06
2026.3096 4024.9 1663.7 6386.1 963.28
2026.3151 4049.9 1663.7 6436.1 981.46
2026.3205 4036.1 1656.5 6415.8 950.59
2026.3260 4036.1 1656.5 6415.8 944.83
2026.3315 4008.1 1656.5 6359.7 972.35
2026.3370 3911.3 1640.9 6181.7 985.94
2026.3425 3911.3 1640.9 6181.7 998.02
2026.3479 3911.3 1640.9 6181.7 981.34
2026.3534 3894.0 1628.7 6159.2 1007.0
2026.3589 3888.8 1618.3 6159.2 977.72
2026.3644 3888.8 1618.3 6159.2 983.36
2026.3699 3888.8 1618.3 6159.2 944.08
2026.3753 3888.8 1618.3 6159.2 926.74
2026.3808 3888.8 1618.3 6159.2 930.34
2026.3863 3881.1 1602.9 6159.2 904.66
2026.3918 3881.1 1602.9 6159.2 921.56
2026.3973 3832.9 1566.4 6099.4 908.70
2026.4027 3832.9 1566.4 6099.4 880.95
2026.4082 3832.9 1566.4 6099.4 884.91
2026.4137 3808.4 1566.4 6050.4 864.67
2026.4192 4000.3 1566.4 6434.1 778.47
2026.4247 4359.0 1566.4 7151.5 716.27
2026.4301 4174.2 1566.4 6781.9 751.50
2026.4356 4174.2 1566.4 6781.9 730.83
2026.4411 4141.0 1566.4 6715.6 750.20
2026.4466 4138.9 1562.1 6715.6 757.85
2026.4521 4193.8 1564.9 6822.7 791.40
2026.4575 4193.8 1564.9 6822.7 770.21
2026.4630 4193.8 1564.9 6822.7 756.40
2026.4685 4193.8 1564.9 6822.7 753.86
2026.4740 4156.6 1552.7 6760.5 742.61
2026.4795 4156.6 1552.7 6760.5 703.92
2026.4849 4156.6 1552.7 6760.5 706.75
2026.4904 4069.9 1505.7 6634.1 715.28
2026.4959 4008.1 1505.7 6510.5 713.24
2026.5014 4097.4 1505.7 6689.2 757.88
2026.5068 4148.6 1503.6 6793.6 770.34
2026.5123 4099.6 1459.6 6739.6 765.85
2026.5178 3964.8 1442.5 6487.0 760.29
2026.5233 3964.8 1442.5 6487.0 772.09
2026.5288 3930.8 1448.4 6413.2 759.27
2026.5342 4012.4 1418.7 6606.1 801.86
2026.5397 3955.7 1418.7 6492.6 782.51
2026.5452 3956.1 1419.6 6492.6 793.52
2026.5507 3903.6 1385.3 6421.9 816.89
2026.5562 3870.4 1385.3 6355.5 797.24
2026.5616 3870.4 1385.3 6355.5 791.33
2026.5671 3891.7 1374.2 6409.3 790.12
2026.5726 3891.7 1374.2 6409.3 794.75
2026.5781 3891.7 1374.2 6409.3 778.53
2026.5836 3891.7 1374.2 6409.3 787.43
2026.5890 3891.7 1374.2 6409.3 788.63
2026.5945 3893.9 1354.5 6433.3 796.15
2026.6000 3915.3 1354.5 6476.0 803.05
2026.6055 3890.5 1343.2 6437.8 788.20
2026.6110 3890.5 1343.2 6437.8 785.78
2026.6164 3890.5 1343.2 6437.8 783.14
2026.6219 3890.5 1343.2 6437.8 781.01
2026.6274 3897.2 1360.8 6433.7 801.66
2026.6329 4671.1 1535.9 7806.2 933.62
2026.6384 4874.5 1621.3 8127.7 979.55
2026.6438 4953.3 1578.6 8328.0 1003.8
2026.6493 4990.0 1569.8 8410.2 1008.4
2026.6548 4932.2 1554.9 8309.5 988.62
2026.6603 4932.2 1554.9 8309.5 983.06
2026.6658 4909.6 1554.9 8264.2 981.20
2026.6712 4886.8 1568.0 8205.7 1024.6
2026.6767 4886.8 1568.0 8205.7 1009.5
2026.6822 4886.8 1568.0 8205.7 1006.0
2026.6877 4886.8 1568.0 8205.7 996.30
2026.6932 4872.3 1568.0 8176.7 997.27
2026.6986 4865.2 1568.0 8162.5 987.40
2026.7041 4807.6 1568.0 8047.2 964.62
2026.7096 4807.6 1568.0 8047.2 978.87
2026.7151 4975.8 1606.9 8344.8 1046.6
2026.7205 5001.0 1609.1 8392.8 1110.2
2026.7260 4847.7 1609.1 8086.2 1078.3
2026.7315 4847.7 1609.1 8086.2 1077.4
2026.7370 4847.7 1609.1 8086.2 1079.5
2026.7425 4847.7 1609.1 8086.2 1071.7
2026.7452 4847.7 1609.1 8086.2 1072.6
