x pf
2019.6630 3.0438
2019.6685 3.0876
2019.6740 3.0950
2019.6795 2.9291
2019.6849 2.7502
2019.6904 2.7151
2019.6959 2.6965
2019.7014 2.7868
2019.7068 2.8139
2019.7123 2.8896
2019.7178 2.7718
2019.7233 2.7579
2019.7288 2.7579
2019.7342 2.7211
2019.7397 2.7211
2019.7452 2.7165
2019.7507 2.7066
2019.7562 2.6589
2019.7616 2.6763
2019.7671 2.6638
2019.7726 2.6862
2019.7781 2.5450
2019.7836 2.5477
2019.7890 2.5637
2019.7945 2.5624
2019.8000 2.5102
2019.8055 2.5242
2019.8110 2.6782
2019.8164 2.5516
2019.8219 2.5730
2019.8274 2.4847
2019.8329 2.5254
2019.8384 2.5716
2019.8438 2.5502
2019.8493 2.4741
2019.8548 2.4497
2019.8603 2.4251
2019.8658 2.4219
2019.8712 2.1823
2019.8767 2.0933
2019.8822 1.8818
2019.8877 1.8424
2019.8932 1.7582
2019.8986 1.7223
2019.9041 1.6938
2019.9096 1.6867
2019.9151 1.6290
2019.9205 1.6011
2019.9260 1.4758
2019.9315 1.4758
2019.9370 1.4697
2019.9425 1.4879
2019.9479 1.4238
2019.9534 1.4453
2019.9589 1.6332
2019.9644 1.3299
2019.9699 1.1310
2019.9753 0.67657
2019.9808 0.44204
2019.9863 0.44204
2019.9918 0.53008
2019.9973 0.42732
2020.0027 0.52069
2020.0082 0.43210
2020.0137 0.48645
2020.0191 0.34826
2020.0246 0.34826
2020.0301 0.30707
2020.0355 0.58446
2020.0410 0.55145
2020.0464 0.68727
2020.0519 0.53771
2020.0574 0.54029
2020.0628 0.55244
2020.0683 0.55782
2020.0738 0.55560
2020.0792 0.51089
2020.0847 0.48304
2020.0902 0.51681
2020.0956 0.61882
2020.1011 0.82630
2020.1066 0.87974
2020.1120 0.84321
2020.1175 0.99470
2020.1230 0.99470
2020.1284 0.99470
2020.1339 1.0101
2020.1393 1.0485
2020.1448 0.91094
2020.1503 1.0854
2020.1557 1.0854
2020.1612 1.0854
2020.1667 1.0854
2020.1721 1.1194
2020.1776 1.1523
2020.1831 1.1190
2020.1885 1.1190
2020.1940 1.1190
2020.1995 1.1190
2020.2049 1.1032
2020.2104 1.1032
2020.2158 1.0634
2020.2213 1.0510
2020.2268 1.0510
2020.2322 1.0233
2020.2377 0.98344
2020.2432 1.0431
2020.2486 0.89827
2020.2541 1.0971
2020.2596 1.0971
2020.2650 1.2577
2020.2705 1.2577
2020.2760 1.2577
2020.2814 1.2349
2020.2869 1.2879
2020.2923 1.3301
2020.2978 1.3128
2020.3033 1.3246
2020.3087 1.3468
2020.3142 1.3962
2020.3197 1.3809
2020.3251 1.4704
2020.3306 1.4743
2020.3361 1.5308
2020.3415 1.5506
2020.3470 1.6555
2020.3525 1.6433
2020.3579 1.5309
2020.3634 1.3290
2020.3689 1.0428
2020.3743 1.0250
2020.3798 1.0921
2020.3852 1.0921
2020.3907 1.0921
2020.3962 0.96719
2020.4016 1.0260
2020.4071 1.1321
2020.4126 1.2790
2020.4180 1.1842
2020.4235 1.1858
2020.4290 1.1760
2020.4344 1.1659
2020.4399 1.0966
2020.4454 1.2148
2020.4508 1.1682
2020.4563 1.1128
2020.4617 1.1128
2020.4672 1.0193
2020.4727 1.2126
2020.4781 1.1963
2020.4836 1.2145
2020.4891 1.2145
2020.4945 1.2145
2020.5000 1.2067
2020.5055 1.2067
2020.5109 1.2163
2020.5164 1.1018
2020.5219 1.0363
2020.5273 1.0159
2020.5328 1.0105
2020.5383 1.0284
2020.5437 1.0272
2020.5492 1.0065
2020.5546 1.0508
2020.5601 1.2037
2020.5656 1.3673
2020.5710 1.5072
2020.5765 1.6566
2020.5820 1.9058
2020.5874 1.7208
2020.5929 1.4851
2020.5984 1.4057
2020.6038 1.2659
2020.6093 1.3043
2020.6148 1.2676
2020.6202 1.2429
2020.6257 1.2965
2020.6311 1.2654
2020.6366 1.2772
2020.6421 1.2801
2020.6475 1.3591
2020.6530 1.1989
2020.6585 1.1274
2020.6639 1.3302
2020.6694 1.2260
2020.6749 1.0219
2020.6803 1.0219
2020.6858 1.0782
2020.6913 1.1441
2020.6967 1.1441
2020.7022 1.1031
2020.7077 1.0214
2020.7131 1.1282
2020.7186 1.1150
2020.7240 1.1150
2020.7295 1.1079
2020.7350 1.1436
2020.7404 1.1763
2020.7459 1.1745
2020.7514 1.2131
2020.7568 1.2171
2020.7623 1.2299
2020.7678 1.1882
2020.7732 1.3116
2020.7787 1.3573
2020.7842 1.2175
2020.7896 1.2013
2020.7951 1.2066
2020.8005 1.2911
2020.8060 1.4625
2020.8115 1.6363
2020.8169 1.5704
2020.8224 1.5769
2020.8279 1.6040
2020.8333 1.6040
2020.8388 1.5808
2020.8443 1.4756
2020.8497 1.6575
2020.8552 1.6007
2020.8607 1.6593
2020.8661 1.6639
2020.8716 1.5791
2020.8770 1.6629
2020.8825 1.6026
2020.8880 1.6430
2020.8934 1.5372
2020.8989 1.5641
2020.9044 1.6322
2020.9098 1.6322
2020.9153 1.6116
2020.9208 1.6805
2020.9262 1.7597
2020.9317 1.7148
2020.9372 1.7285
2020.9426 1.7454
2020.9481 1.7298
2020.9536 1.6730
2020.9590 1.6242
2020.9645 1.6720
2020.9699 1.5635
2020.9754 1.7192
2020.9809 1.7217
2020.9863 1.6937
2020.9918 1.7086
2020.9973 1.6661
2021.0027 1.7205
2021.0082 1.8906
2021.0137 1.8344
2021.0192 1.9670
2021.0247 2.0047
2021.0301 2.0047
2021.0356 1.8000
2021.0411 1.7136
2021.0466 1.7637
2021.0521 1.8212
2021.0575 1.7663
2021.0630 1.7768
2021.0685 1.8158
2021.0740 1.8405
2021.0795 1.7992
2021.0849 1.7992
2021.0904 1.7913
2021.0959 1.6081
2021.1014 1.5031
2021.1068 1.5672
2021.1123 1.3281
2021.1178 1.4983
2021.1233 1.5029
2021.1288 1.4842
2021.1342 1.4891
2021.1397 1.4681
2021.1452 1.5271
2021.1507 1.5271
2021.1562 1.5271
2021.1616 1.5271
2021.1671 1.5172
2021.1726 1.4964
2021.1781 1.5497
2021.1836 1.5797
2021.1890 1.5316
2021.1945 1.5139
2021.2000 1.4905
2021.2055 1.4905
2021.2110 1.6419
2021.2164 1.5369
2021.2219 1.5369
2021.2274 1.5369
2021.2329 1.5681
2021.2384 1.6968
2021.2438 1.7637
2021.2493 1.8397
2021.2548 1.7113
2021.2603 1.6099
2021.2658 1.6196
2021.2712 1.6604
2021.2767 1.6604
2021.2822 1.5460
2021.2877 1.5002
2021.2932 1.4895
2021.2986 1.4895
2021.3041 1.4232
2021.3096 1.4001
2021.3151 1.3603
2021.3205 1.3639
2021.3260 1.3369
2021.3315 1.2994
2021.3370 1.3445
2021.3425 1.3445
2021.3479 1.3994
2021.3534 1.3994
2021.3589 1.3994
2021.3644 1.4192
2021.3699 1.4378
2021.3753 1.4386
2021.3808 1.4386
2021.3863 1.4386
2021.3918 1.4386
2021.3973 1.4310
2021.4027 1.3357
2021.4082 1.1086
2021.4137 1.0618
2021.4192 1.2919
2021.4247 1.2902
2021.4301 1.3006
2021.4356 1.3408
2021.4411 1.3852
2021.4466 1.3876
2021.4521 1.3765
2021.4575 1.3765
2021.4630 1.3765
2021.4685 1.6194
2021.4740 1.3772
2021.4795 1.5496
2021.4849 1.4616
2021.4904 1.4109
2021.4959 1.4018
2021.5014 1.4437
2021.5068 1.4683
2021.5123 1.5236
2021.5178 1.5808
2021.5233 1.5852
2021.5288 1.6038
2021.5342 1.5974
2021.5397 1.5900
2021.5452 1.5571
2021.5507 1.4801
2021.5562 1.3621
2021.5616 1.2399
2021.5671 1.1232
2021.5726 1.1625
2021.5781 0.92460
2021.5836 1.0244
2021.5890 1.1608
2021.5945 1.3825
2021.6000 1.5018
2021.6055 1.6406
2021.6110 1.5466
2021.6164 1.6047
2021.6219 1.6082
2021.6274 1.5701
2021.6329 1.5701
2021.6384 1.5701
2021.6438 1.5156
2021.6493 1.5156
2021.6548 1.5156
2021.6603 1.3631
2021.6658 1.4047
2021.6712 1.8682
2021.6767 1.8743
2021.6822 1.7969
2021.6877 1.7969
2021.6932 1.7869
2021.6986 1.7906
2021.7041 1.7625
2021.7096 1.7373
2021.7151 1.7518
2021.7205 1.7518
2021.7260 1.7518
2021.7315 1.7660
2021.7370 1.7571
2021.7425 1.7718
2021.7479 1.9148
2021.7534 1.9062
2021.7589 1.9136
2021.7644 1.9044
2021.7699 1.8759
2021.7753 1.8088
2021.7808 1.8702
2021.7863 2.0805
2021.7918 2.0427
2021.7973 2.0613
2021.8027 2.0071
2021.8082 1.8986
2021.8137 1.9229
2021.8192 1.7097
2021.8247 1.7637
2021.8301 1.7072
2021.8356 1.7149
2021.8411 1.6363
2021.8466 1.5918
2021.8521 1.7275
2021.8575 1.6901
2021.8630 1.7219
2021.8685 1.7556
2021.8740 1.7183
2021.8795 1.6928
2021.8849 1.6286
2021.8904 1.4861
2021.8959 1.4861
2021.9014 1.4708
2021.9068 1.4708
2021.9123 1.6282
2021.9178 1.6261
2021.9233 1.6261
2021.9288 1.6367
2021.9342 1.6234
2021.9397 1.6234
2021.9452 1.6234
2021.9507 1.6413
2021.9562 1.6098
2021.9616 1.6189
2021.9671 1.6189
2021.9726 1.6331
2021.9781 1.6331
2021.9836 1.6758
2021.9890 1.8391
2021.9945 1.8866
2022.0000 1.8543
2022.0055 1.6090
2022.0110 1.5858
2022.0164 1.8510
2022.0219 1.8684
2022.0274 1.8692
2022.0329 1.9023
2022.0384 1.8004
2022.0438 1.8373
2022.0493 1.8851
2022.0548 2.2702
2022.0603 2.2664
2022.0658 2.1847
2022.0712 2.1847
2022.0767 2.2564
2022.0822 2.2161
2022.0877 2.2332
2022.0932 2.2166
2022.0986 2.1820
2022.1041 2.1639
2022.1096 2.1681
2022.1151 2.0984
2022.1205 2.0977
2022.1260 2.1131
2022.1315 1.9854
2022.1370 1.9447
2022.1425 1.8331
2022.1479 1.7617
2022.1534 1.7493
2022.1589 1.6512
2022.1644 1.6651
2022.1699 1.6446
2022.1753 1.6307
2022.1808 1.6135
2022.1863 1.6514
2022.1918 1.6514
2022.1973 1.6652
2022.2027 1.6467
2022.2082 1.7628
2022.2137 1.7186
2022.2192 1.7186
2022.2247 1.8204
2022.2301 1.8469
2022.2356 2.0108
2022.2411 1.8751
2022.2466 1.7841
2022.2521 1.7913
2022.2575 1.7057
2022.2630 1.7057
2022.2685 1.7057
2022.2740 1.6677
2022.2795 1.6868
2022.2849 1.7609
2022.2904 1.7846
2022.2959 1.7371
2022.3014 1.7490
2022.3068 1.7834
2022.3123 1.7730
2022.3178 1.7311
2022.3233 1.7828
2022.3288 1.7046
2022.3342 1.6081
2022.3397 1.6205
2022.3452 1.6438
2022.3507 1.6986
2022.3562 1.7198
2022.3616 1.7147
2022.3671 1.7094
2022.3726 1.6646
2022.3781 1.6646
2022.3836 1.6646
2022.3890 1.6646
2022.3945 1.6646
2022.4000 1.6819
2022.4055 1.6819
2022.4110 1.7361
2022.4164 1.7625
2022.4219 1.7514
2022.4274 1.7564
2022.4329 1.6965
2022.4384 1.8211
2022.4438 2.1229
2022.4493 2.3447
2022.4548 2.3930
2022.4603 2.3930
2022.4658 2.3930
2022.4712 2.2133
2022.4767 2.3288
2022.4822 2.2009
2022.4877 2.2328
2022.4932 2.2542
2022.4986 2.2542
2022.5041 2.2165
2022.5096 2.1381
2022.5151 2.1203
2022.5205 2.1712
2022.5260 2.4238
2022.5315 2.2475
2022.5370 2.4363
2022.5425 2.6246
2022.5479 2.4993
2022.5534 2.5868
2022.5589 2.5211
2022.5644 2.4174
2022.5699 2.4704
2022.5753 2.4806
2022.5808 2.4438
2022.5863 2.4438
2022.5918 2.4311
2022.5973 2.1846
2022.6027 2.2368
2022.6082 2.2326
2022.6137 2.1701
2022.6192 2.2172
2022.6247 2.2311
2022.6301 2.2311
2022.6356 2.2311
2022.6411 2.2749
2022.6466 2.2749
2022.6521 2.2239
2022.6575 2.2415
2022.6630 2.2187
2022.6685 2.0496
2022.6740 2.0874
2022.6795 2.0700
2022.6849 2.1017
2022.6904 2.1291
2022.6959 2.1176
2022.7014 2.1124
2022.7068 2.1326
2022.7123 2.1326
2022.7178 2.1326
2022.7233 1.9737
2022.7288 1.9737
2022.7342 1.9564
2022.7397 1.9663
2022.7452 1.9581
2022.7507 1.8462
2022.7562 1.8049
2022.7616 1.7484
2022.7671 1.8390
2022.7726 1.7618
2022.7781 1.7292
2022.7836 1.6114
2022.7890 1.5484
2022.7945 1.5174
2022.8000 1.3885
2022.8055 1.4006
2022.8110 1.3959
2022.8164 1.6921
2022.8219 1.6687
2022.8274 1.6687
2022.8329 1.6738
2022.8384 1.7284
2022.8438 1.7682
2022.8493 1.7441
2022.8548 1.6933
2022.8603 1.7453
2022.8658 1.7453
2022.8712 1.7771
2022.8767 1.7771
2022.8822 1.7771
2022.8877 1.7771
2022.8932 1.7771
2022.8986 1.7689
2022.9041 1.7981
2022.9096 1.7981
2022.9151 1.7273
2022.9205 1.7817
2022.9260 1.7366
2022.9315 1.7280
2022.9370 1.6777
2022.9425 1.6827
2022.9479 1.6854
2022.9534 1.6918
2022.9589 1.8701
2022.9644 1.8995
2022.9699 1.7961
2022.9753 1.7855
2022.9808 1.7867
2022.9863 1.8058
2022.9918 1.6004
2022.9973 1.7518
2023.0027 1.7674
2023.0082 1.8726
2023.0137 1.7994
2023.0192 1.6404
2023.0247 1.7434
2023.0301 1.7721
2023.0356 2.0242
2023.0411 2.0632
2023.0466 1.9577
2023.0521 1.8345
2023.0575 1.3496
2023.0630 1.4869
2023.0685 1.4901
2023.0740 1.4431
2023.0795 1.4255
2023.0849 1.4731
2023.0904 1.4632
2023.0959 1.4582
2023.1014 1.4938
2023.1068 1.5073
2023.1123 1.5073
2023.1178 1.5159
2023.1233 1.7290
2023.1288 1.7837
2023.1342 1.8594
2023.1397 1.8598
2023.1452 1.9709
2023.1507 2.0701
2023.1562 2.0540
2023.1616 2.0950
2023.1671 2.1348
2023.1726 2.1328
2023.1781 2.1328
2023.1836 2.1143
2023.1890 2.1143
2023.1945 2.1334
2023.2000 2.0970
2023.2055 2.1905
2023.2110 2.1157
2023.2164 2.1347
2023.2219 2.0895
2023.2274 2.0366
2023.2329 1.8635
2023.2384 1.7825
2023.2438 1.8155
2023.2493 1.7807
2023.2548 1.7807
2023.2603 1.7807
2023.2658 1.7807
2023.2712 1.8633
2023.2767 1.8317
2023.2822 1.9947
2023.2877 2.0098
2023.2932 1.9894
2023.2986 2.0467
2023.3041 2.0467
2023.3096 2.0467
2023.3151 2.0009
2023.3205 1.9931
2023.3260 1.9502
2023.3315 1.9739
2023.3370 1.9753
2023.3425 1.9711
2023.3479 1.9290
2023.3534 1.8706
2023.3589 1.8279
2023.3644 1.8556
2023.3699 1.8389
2023.3753 1.8187
2023.3808 1.8187
2023.3863 1.8025
2023.3918 1.8028
2023.3973 1.7911
2023.4027 1.9048
2023.4082 1.8249
2023.4137 1.7752
2023.4192 1.7776
2023.4247 1.8060
2023.4301 1.7449
2023.4356 1.8178
2023.4411 1.5790
2023.4466 1.0994
2023.4521 1.0993
2023.4575 1.0274
2023.4630 0.98509
2023.4685 1.2304
2023.4740 1.1640
2023.4795 1.1640
2023.4849 1.1520
2023.4904 1.1559
2023.4959 1.1422
2023.5014 1.1507
2023.5068 1.2369
2023.5123 1.2370
2023.5178 1.2491
2023.5233 0.97482
2023.5288 1.1646
2023.5342 1.0011
2023.5397 0.80473
2023.5452 0.38208
2023.5507 0.47474
2023.5562 0.46899
2023.5616 0.55297
2023.5671 0.55297
2023.5726 0.45901
2023.5781 0.45901
2023.5836 0.44607
2023.5890 0.44607
2023.5945 0.36629
2023.6000 0.27938
2023.6055 0.30351
2023.6110 0.30351
2023.6164 0.30159
2023.6219 0.31456
2023.6274 0.51329
2023.6329 0.46601
2023.6384 0.34695
2023.6438 0.34695
2023.6493 0.41103
2023.6548 0.39494
2023.6603 0.43318
2023.6658 0.53690
2023.6712 0.52215
2023.6767 0.52469
2023.6822 0.52352
2023.6877 0.44628
2023.6932 0.64478
2023.6986 0.58634
2023.7041 0.56989
2023.7096 0.55706
2023.7151 0.55268
2023.7205 0.78771
2023.7260 0.76712
2023.7315 0.75463
2023.7370 0.68737
2023.7425 0.72403
2023.7479 0.76862
2023.7534 0.84844
2023.7589 0.90811
2023.7644 0.86933
2023.7699 0.91074
2023.7753 0.96395
2023.7808 1.0940
2023.7863 1.1733
2023.7918 1.2100
2023.7973 1.2339
2023.8027 1.2544
2023.8082 1.2887
2023.8137 1.3759
2023.8192 1.2447
2023.8247 1.2465
2023.8301 1.2650
2023.8356 1.1983
2023.8411 1.0999
2023.8466 1.1358
2023.8521 1.1253
2023.8575 1.3661
2023.8630 1.3126
2023.8685 1.3392
2023.8740 1.3196
2023.8795 1.3196
2023.8849 1.2866
2023.8904 1.2866
2023.8959 1.2800
2023.9014 1.2599
2023.9068 1.2599
2023.9123 1.2059
2023.9178 1.3029
2023.9233 1.2619
2023.9288 1.3219
2023.9342 1.3817
2023.9397 1.3531
2023.9452 1.3634
2023.9507 1.3164
2023.9562 1.0954
2023.9616 1.1526
2023.9671 1.2580
2023.9726 1.2224
2023.9781 1.2302
2023.9836 1.2568
2023.9890 1.0733
2023.9945 1.1030
2024.0000 1.1270
2024.0055 1.1450
2024.0109 1.0617
2024.0164 1.0136
2024.0219 0.99049
2024.0273 0.95047
2024.0328 0.85549
2024.0383 0.69465
2024.0437 0.79740
2024.0492 0.80443
2024.0546 0.93768
2024.0601 0.93768
2024.0656 0.93066
2024.0710 0.96218
2024.0765 0.94447
2024.0820 0.96477
2024.0874 0.93416
2024.0929 0.97119
2024.0984 0.97451
2024.1038 1.0905
2024.1093 1.2727
2024.1148 1.5094
2024.1202 1.6395
2024.1257 1.3803
2024.1311 1.4003
2024.1366 1.4102
2024.1421 1.4128
2024.1475 1.4035
2024.1530 1.5647
2024.1585 1.9087
2024.1639 1.9952
2024.1694 1.9753
2024.1749 2.1033
2024.1803 2.1033
2024.1858 2.1033
2024.1913 2.1028
2024.1967 2.1307
2024.2022 2.1159
2024.2077 2.0603
2024.2131 2.0424
2024.2186 2.0424
2024.2240 2.0424
2024.2295 2.1465
2024.2350 2.1581
2024.2404 2.2131
2024.2459 2.1919
2024.2514 2.2386
2024.2568 2.2386
2024.2623 2.2279
2024.2678 2.3215
2024.2732 2.1991
2024.2787 2.1679
2024.2842 2.0615
2024.2896 2.0545
2024.2951 2.0545
2024.3005 2.0545
2024.3060 2.0487
2024.3115 2.0328
2024.3169 2.1443
2024.3224 2.1249
2024.3279 2.1396
2024.3333 2.1396
2024.3388 1.9959
2024.3443 2.2249
2024.3497 2.2249
2024.3552 2.2249
2024.3607 2.2249
2024.3661 2.2478
2024.3716 2.3065
2024.3770 2.2599
2024.3825 2.3826
2024.3880 2.4020
2024.3934 2.4429
2024.3989 2.4267
2024.4044 2.2505
2024.4098 2.2515
2024.4153 2.2964
2024.4208 2.2640
2024.4262 2.2474
2024.4317 2.2474
2024.4372 2.1574
2024.4426 2.1582
2024.4481 2.0959
2024.4536 2.2420
2024.4590 2.2111
2024.4645 2.1948
2024.4699 2.0367
2024.4754 2.0873
2024.4809 2.0873
2024.4863 2.1350
2024.4918 2.1551
2024.4973 2.1443
2024.5027 2.1835
2024.5082 2.3170
2024.5137 2.3290
2024.5191 2.3245
2024.5246 2.3245
2024.5301 2.3396
2024.5355 2.3222
2024.5410 2.2769
2024.5464 2.2619
2024.5519 2.2284
2024.5574 2.2353
2024.5628 2.2353
2024.5683 2.2304
2024.5738 2.2121
2024.5792 2.1945
2024.5847 2.2093
2024.5902 2.2093
2024.5956 2.2841
2024.6011 2.4682
2024.6066 2.4256
2024.6120 2.4042
2024.6175 2.4130
2024.6230 2.2818
2024.6284 2.2518
2024.6339 2.3181
2024.6393 2.4349
2024.6448 2.4952
2024.6503 2.5098
2024.6557 2.5029
2024.6612 2.4234
2024.6667 2.4058
2024.6721 2.3674
2024.6776 2.3947
2024.6831 2.4434
2024.6885 2.4522
2024.6940 2.3380
2024.6995 2.3758
2024.7049 2.3770
2024.7104 2.3824
2024.7158 2.3824
2024.7213 2.3732
2024.7268 2.3264
2024.7322 2.3519
2024.7377 2.4276
2024.7432 2.3766
2024.7486 2.3492
2024.7541 2.3492
2024.7596 2.3824
2024.7650 2.2924
2024.7705 2.1437
2024.7760 2.0456
2024.7814 2.0976
2024.7869 2.1688
2024.7923 2.2180
2024.7978 2.2776
2024.8033 2.3102
2024.8087 2.1142
2024.8142 2.0949
2024.8197 2.0949
2024.8251 2.3115
2024.8306 2.1785
2024.8361 2.2443
2024.8415 2.2851
2024.8470 2.5032
2024.8525 2.5431
2024.8579 2.9553
2024.8634 2.9408
2024.8689 2.9408
2024.8743 2.9625
2024.8798 2.9449
2024.8852 3.0030
2024.8907 2.9331
2024.8962 2.9404
2024.9016 2.9942
2024.9071 2.9942
2024.9126 2.9416
2024.9180 2.9145
2024.9235 2.8717
2024.9290 2.8877
2024.9344 2.9364
2024.9399 2.9211
2024.9454 2.9211
2024.9508 2.9381
2024.9563 2.9223
2024.9617 2.9304
2024.9672 2.9304
2024.9727 2.9773
2024.9781 2.9773
2024.9836 3.0566
2024.9891 3.0732
2024.9945 3.0732
2025.0000 3.0453
2025.0055 2.9896
2025.0110 2.9896
2025.0164 2.7993
2025.0219 2.7555
2025.0274 2.7275
2025.0329 2.6570
2025.0384 2.6570
2025.0438 2.6736
2025.0493 2.6569
2025.0548 2.6111
2025.0603 2.5955
2025.0658 2.5625
2025.0712 2.6042
2025.0767 2.5942
2025.0822 2.5967
2025.0877 2.6288
2025.0932 2.6245
2025.0986 2.5388
2025.1041 2.3809
2025.1096 2.2979
2025.1151 1.9626
2025.1205 1.6540
2025.1260 1.7325
2025.1315 1.6304
2025.1370 1.7544
2025.1425 1.7340
2025.1479 1.8230
2025.1534 1.8429
2025.1589 1.7943
2025.1644 1.7284
2025.1699 1.5009
2025.1753 1.5092
2025.1808 1.5092
2025.1863 1.5163
2025.1918 1.5004
2025.1973 1.4948
2025.2027 1.4948
2025.2082 1.4948
2025.2137 1.4674
2025.2192 1.4674
2025.2247 1.5105
2025.2301 1.4145
2025.2356 1.4145
2025.2411 1.4145
2025.2466 1.4148
2025.2521 1.3639
2025.2575 1.2854
2025.2630 1.4569
2025.2685 1.3241
2025.2740 1.3182
2025.2795 1.3182
2025.2849 1.2983
2025.2904 1.2983
2025.2959 1.2983
2025.3014 1.3379
2025.3068 1.3999
2025.3123 1.3854
2025.3178 1.4068
2025.3233 1.4068
2025.3288 1.4241
2025.3342 1.3739
2025.3397 1.3919
2025.3452 1.4053
2025.3507 1.8876
2025.3562 2.0162
2025.3616 1.9761
2025.3671 1.9462
2025.3726 1.9990
2025.3781 1.9807
2025.3836 1.8275
2025.3890 1.8415
2025.3945 1.8415
2025.4000 1.8756
2025.4055 1.9121
2025.4110 1.9121
2025.4164 1.9121
2025.4219 1.9354
2025.4274 1.9605
2025.4329 1.9605
2025.4384 2.2642
2025.4438 2.0605
2025.4493 2.0605
2025.4548 2.0334
2025.4603 2.0444
2025.4658 2.0444
2025.4712 2.0444
2025.4767 2.0514
2025.4822 2.0464
2025.4877 2.0498
2025.4932 2.0649
2025.4986 2.1165
2025.5041 2.0284
2025.5096 1.9938
2025.5151 2.0211
2025.5205 2.3356
2025.5260 2.3493
2025.5315 2.4919
2025.5370 2.5163
2025.5425 2.5712
2025.5479 2.7404
2025.5534 2.6545
2025.5589 2.6545
2025.5644 2.6545
2025.5699 2.6169
2025.5753 2.5884
2025.5808 2.5884
2025.5863 2.5884
2025.5918 2.5357
2025.5973 2.6019
2025.6027 2.7249
2025.6082 2.6655
2025.6137 2.8903
2025.6192 2.6236
2025.6247 2.5944
2025.6301 2.6024
2025.6356 2.5853
2025.6411 2.5237
2025.6466 2.5349
2025.6521 2.5349
2025.6575 2.5349
2025.6630 2.5349
2025.6685 2.5455
2025.6740 2.5370
2025.6795 2.5279
2025.6849 2.4851
2025.6904 2.4612
2025.6959 2.5846
2025.7014 2.4919
2025.7068 2.4386
2025.7123 2.4386
2025.7178 2.4480
2025.7233 2.4480
2025.7288 2.4627
2025.7342 2.4700
2025.7397 2.4818
2025.7452 2.4500
2025.7507 2.6112
2025.7562 2.6237
2025.7616 2.7352
2025.7671 2.8067
2025.7726 2.8437
2025.7781 2.8437
2025.7836 2.7008
2025.7890 2.7242
2025.7945 2.7089
2025.8000 2.6334
2025.8055 2.6996
2025.8110 2.6888
2025.8164 2.7113
2025.8219 2.6921
2025.8274 2.5809
2025.8329 2.6724
2025.8384 2.7242
2025.8438 2.7491
2025.8493 2.5475
2025.8548 2.3239
2025.8603 2.0143
2025.8658 2.1331
2025.8712 2.1331
2025.8767 2.1331
2025.8822 2.1318
2025.8877 2.1638
2025.8932 2.1841
2025.8986 2.1015
2025.9041 2.1015
2025.9096 2.0991
2025.9151 2.2106
2025.9205 1.9581
2025.9260 1.9666
2025.9315 1.9666
2025.9370 2.0845
2025.9425 2.0656
2025.9479 2.0292
2025.9534 2.1555
2025.9589 2.1374
2025.9644 2.1172
2025.9699 2.1172
2025.9753 2.0664
2025.9808 2.0577
2025.9863 1.9889
2025.9918 1.9247
2025.9973 1.9118
2026.0027 2.0077
2026.0082 2.0309
2026.0137 2.1019
2026.0192 2.1019
2026.0247 2.1019
2026.0301 2.0935
2026.0356 2.1344
2026.0411 2.1344
2026.0466 2.1114
2026.0521 2.1435
2026.0575 2.1435
2026.0630 2.1683
2026.0685 2.1683
2026.0740 2.1683
2026.0795 2.3393
2026.0849 2.6781
2026.0904 2.6942
2026.0959 2.9498
2026.1014 2.6719
2026.1068 2.6176
2026.1123 2.6470
2026.1178 2.7627
2026.1233 2.7640
2026.1288 2.7814
2026.1342 2.7814
2026.1397 2.7935
2026.1452 2.7935
2026.1507 2.6492
2026.1562 2.5602
2026.1616 2.4709
2026.1671 2.4920
2026.1726 2.4827
2026.1781 2.4827
2026.1836 2.4556
2026.1890 2.4257
2026.1945 2.4098
2026.2000 2.4200
2026.2055 2.4595
2026.2110 2.4756
2026.2164 2.4756
2026.2219 2.4711
2026.2274 2.4376
2026.2329 2.4376
2026.2384 2.3464
2026.2438 2.2953
2026.2493 2.3163
2026.2548 2.3777
2026.2603 2.2764
2026.2658 2.3480
2026.2712 2.3722
2026.2767 2.3798
2026.2822 2.4142
2026.2877 2.3913
2026.2932 2.3830
2026.2986 2.3830
2026.3041 2.3154
2026.3096 2.3381
2026.3151 2.3784
2026.3205 2.3669
2026.3260 2.3669
2026.3315 2.3662
2026.3370 2.2959
2026.3425 2.2959
2026.3479 2.0708
2026.3534 1.7068
2026.3589 1.8063
2026.3644 1.8241
2026.3699 1.8511
2026.3753 1.8511
2026.3808 1.8676
2026.3863 1.8722
2026.3918 1.8722
2026.3973 1.8228
2026.4027 1.8530
2026.4082 1.8201
2026.4137 1.7951
2026.4192 1.9713
2026.4247 2.2263
2026.4301 2.0420
2026.4356 1.8747
2026.4411 1.7776
2026.4466 1.9106
2026.4521 1.9582
2026.4575 1.9992
2026.4630 1.9992
2026.4685 1.9992
2026.4740 1.9646
2026.4795 1.9467
2026.4849 1.9622
2026.4904 1.8670
2026.4959 1.8135
2026.5014 1.8434
2026.5068 1.8880
2026.5123 1.8409
2026.5178 1.5720
2026.5233 1.3726
2026.5288 1.3150
2026.5342 1.4272
2026.5397 1.2626
2026.5452 1.1710
2026.5507 0.99051
2026.5562 1.0531
2026.5616 1.0531
2026.5671 1.0372
2026.5726 1.1670
2026.5781 1.1670
2026.5836 1.1670
2026.5890 1.1670
2026.5945 1.1709
2026.6000 1.0469
2026.6055 0.85925
2026.6110 0.78227
2026.6164 0.83914
2026.6219 0.94972
2026.6274 0.95675
2026.6329 1.4612
2026.6384 1.5221
2026.6438 1.6274
2026.6493 1.6468
2026.6548 1.6074
2026.6603 1.6074
2026.6658 1.5921
2026.6712 1.5766
2026.6767 1.5997
2026.6822 1.6037
2026.6877 1.6536
2026.6932 1.6387
2026.6986 1.5517
2026.7041 1.6068
2026.7096 1.6068
2026.7151 1.7150
2026.7205 1.7190
2026.7260 1.6125
2026.7315 1.6118
2026.7370 1.6159
2026.7425 1.5652
2026.7452 1.6417
